200
,55,,52,,,,,,55,,6,89,,,,,,,39,,,,67,,,,,16,,34,,79,,69,,1,54,,,,,43,17,70,56,13,31,15,,,,,17,45,4,11,,,67,,40,,91,55,,,,85,,19,80,,,72,97,29,65,,,,51,,,,33,27,16,,34,96,,56,24,49,63,,,39,,30,65,,17,70,,42,10,98,,,,,,,,,80,69,97,94,32,,,41,,31,4,73,53,19,99,89,,,95,,90,,,1,,75,84,86,75,,86,,74,,78,,66,,23,34,4,31,,,66,78,33,,,77,17,,57,,29,64,79,36,32,33,,,,53,56,73,58,,22,,22,27,91,31,14,,92,,,,,8,91
,43,78,9,,83,,,88,64,,1,37,,24,,74,,,,,25,13,,,51,,,15,,46,29,21,,99,58,,,69,,,84,,31,81,,,89,,,,63,,29,,,,,22,81,,,35,,,24,,,,83,,49,20,81,,,23,,33,64,35,39,,59,,40,,66,46,,,,21,,62,23,12,9,41,97,10,29,99,,35,37,,43,46,,67,,,59,,,,70,3,37,,,,37,60,38,77,98,78,10,8,69,,,64,,50,7,,,,72,42,,,29,0,,4,,71,65,,,,,,,6,97,,89,,99,,13,76,34,48,12,,82,,74,,,,,72,,18,0,35,,,21,,,,48,,,68,,,,,,50,
,,92,,44,,,,91,,,,,,,,30,29,,37,62,19,72,8,38,,,,2,,,52,,97,75,77,,16,,,,80,15,,,72,78,,,16,73,,,53,43,,,8,,,,,,,,18,94,,36,,,63,97,29,77,43,85,91,,92,91,,,,,37,65,20,,86,96,,79,92,,,,75,99,43,,,70,3,,,,44,28,44,,36,,54,,69,23,,34,39,,72,43,,,74,,34,,,,,,36,,,,15,61,,,,5,3,,18,14,81,39,,,51,,26,,,36,78,,,,30,92,,,,,,72,16,55,,,,42,0,43,,46,,,9,,48,,96,8,67,63,82,,70,,64,66,25,,8,,
,35,47,,,,18,59,,16,54,,,57,,2,26,,,67,96,,45,89,,,71,,45,,,54,8,,24,22,,,0,31,39,15,,,,,,62,31,,,2,79,70,,61,,,,37,96,,13,67,,70,,89,,97,52,64,,,,,80,21,,79,45,,,33,27,66,,85,,,,92,,,,,,,,,,46,99,33,,64,32,32,1,,14,85,,,,95,,,75,3,,40,,,,78,64,,,,34,,,,32,,,,81,23,,,25,,,,,,20,,,,57,,45,65,4,,78,55,35,,,73,,63,,43,87,,,,1,79,,76,15,1,,,2,96,,,,9,29,28,45,43,66,,,,,,58,54,,
19,,51,0,,50,54,8,9,86,64,,,,3,62,81,0,40,,,,72,38,,23,36,,,91,34,,2,72,37,,,6,93,,,,,33,,,96,1,,2,,97,90,,35,,,80,5,34,32,,92,0,,,,22,61,85,,,,,48,75,15,64,,,,,78,,,,29,,,,88,33,30,44,,,,88,23,71,,,56,51,24,56,,,13,73,55,56,,57,14,,39,50,,66,,66,,,,6,,21,46,,66,,,93,80,36,40,,,64,,35,,44,,,7,,,90,86,,11,,,,,,69,75,55,65,11,,,,93,,,,,,29,,,21,,87,16,,58,72,,,76,20,,20,19,16,,,,42,42,,90,,72,
1,40,82,59,37,92,76,71,9,,,,65,,8,,74,,69,,,,,60,,28,78,,,67,21,7,,,97,25,,22,,,,,19,66,39,,,,31,18,,,13,78,,,,,,,,82,19,61,68,,33,,,,,,,,30,,9,,26,28,,79,,39,17,45,70,,33,99,,,37,7,,37,,14,17,,70,26,66,,88,,,,,,65,,,94,,48,6,,29,34,,,,,12,14,43,41,,,47,,,47,88,,48,,,71,,,73,,1,12,52,,25,,71,97,49,49,38,88,,74,30,,,13,46,,,61,46,48,8,74,35,0,,71,,63,85,53,,,,,97,,,,99,39,,40,,4,,,,88,,,14,
,,,,,18,6,61,,,,,,19,54,,86,66,,78,,63,73,,54,90,21,,16,35,,97,62,,,37,,83,,,,,36,10,52,,22,,,11,39,37,55,22,,43,,,10,74,,,,98,2,78,39,10,75,,,,,58,,,,30,,73,43,26,,,,,50,93,,,14,42,,59,47,83,68,32,43,,55,50,6,,79,,67,50,,,,,50,8,89,47,8,4,15,60,45,,,,54,54,49,53,80,,36,,,46,,,16,4,4,,,3,92,,26,43,,15,94,,,,,,36,,29,83,34,97,5,,92,,43,,,,,,3,,,62,71,50,83,90,98,64,,25,48,23,85,66,,,33,,,90,,62,,60,,52,67,
88,,29,3,,44,,,15,,,39,,57,66,30,49,,19,,,,,83,66,60,50,,,78,,,,,,,79,6,80,59,,86,,,7,,20,,,0,36,74,,62,30,,4,,,3,1,52,93,47,61,41,,,,,50,6,,,,,,88,90,18,27,78,,98,20,69,,,9,71,,,,,36,77,46,81,,92,,78,,38,24,,75,12,,,,,,56,,5,35,85,93,,23,3,10,,67,48,77,71,,30,44,35,49,86,49,69,7,,,3,,6,18,,82,21,10,,,53,,,,,,,,,,38,52,,,11,10,,65,,,,33,,,,,7,7,5,,59,,57,63,91,,99,,,1,39,,,,40,,,,,36,
32,,,,,95,70,14,,,,,47,,42,16,94,75,59,,56,,,,85,37,,88,,,,,47,,21,61,,77,,,57,11,24,,,,98,60,37,,,,,,12,,,,53,68,,,32,,,,,,80,50,,4,10,,,,52,,,,97,29,48,,,89,,26,58,59,,,,30,,39,46,,84,77,,93,,52,20,0,,,,52,,,27,,,97,13,34,48,31,,97,25,,64,,72,,53,76,23,86,0,,41,,,83,,8,29,27,5,34,,58,,,62,,,21,16,,,67,3,16,28,89,95,68,30,37,78,,,,6,,,80,14,54,,9,69,70,,31,,,28,2,,,0,95,,,36,75,,,,,,31,70,54
,,,7,,,24,38,,93,93,76,,16,,32,99,24,2,,93,98,,94,88,,59,42,,,97,38,23,,,,,,,28,58,,,89,,,,34,86,89,47,,,,0,54,15,4,57,,68,34,45,,7,17,75,,81,,23,2,,,92,2,29,,62,,,,,,,,,88,91,45,95,97,,65,0,,,,,,,,86,,,49,,40,26,62,79,19,30,,,,,38,,,23,,,74,71,,,31,92,71,,,,,45,4,40,,,,16,91,,7,,,7,94,95,,,,,77,83,,18,45,86,60,,37,,,,,,,5,,66,,71,7,,,,67,,,4,,,,99,98,,54,83,75,33,9,27,2,,41,84,0,50,4
,,,,,,,,,,,,,69,,,,35,41,32,,,,,,,18,,,62,,,98,18,33,,36,34,75,97,,,12,,,,,,75,,,94,,,,98,,24,,,58,11,24,58,88,99,,,,,65,,,,,62,82,,,52,32,73,5,,15,83,62,10,,95,2,,,75,,38,28,53,22,15,,,,42,28,3,60,,,,29,,,,68,,43,,,36,,,,36,,,,,,53,32,,39,20,,39,,,,,66,,,,,47,,45,50,10,17,85,45,,48,,93,,,,51,29,,,,69,26,,32,,,,88,76,,3,47,82,37,41,,,98,42,,83,42,99,33,,65,1,,,57,72,48,,87,
,33,,,,63,,84,24,5,52,10,7,,,,,26,6,14,,,35,,10,,40,13,,,25,12,,,75,80,62,88,,1,62,46,,63,32,34,,,85,63,,,,37,,,,,0,,78,68,,88,72,26,,50,63,84,,9,62,35,12,82,,9,93,,94,1,96,32,,19,,,21,,,37,,34,,,,32,,,60,33,,9,,21,41,81,90,4,,,66,80,93,95,,83,68,,,,,15,52,,17,88,48,,,51,82,,,,,37,,,,4,39,,9,75,29,,30,26,98,65,84,,27,6,,54,78,74,14,48,47,40,,52,,,,52,,45,51,,,,,,,52,62,,20,,10,45,16,,86,,,7,,,,78,81,7,,
,,88,,11,,51,,4,,55,,38,25,,,,54,,,,23,12,,,,23,,,4,50,,78,,,,,,33,84,37,48,95,,,31,,64,41,,6,29,,62,56,53,5,25,36,,61,17,55,,,93,10,,24,,,89,,,27,83,75,,,46,,70,58,,30,77,89,,10,,,,34,,,58,,88,,20,,,26,,74,,,,27,,52,,45,79,,,,,55,32,,,,37,91,,,,,0,,54,,,27,,,,75,,70,26,,,7,,,85,57,,,,,,,,,0,47,,,,,,,,31,,,,,50,98,,31,88,,,77,,,65,31,,28,42,44,43,6,17,43,76,,,54,92,,49,,86
74,,,,99,,,,,,82,,,39,78,93,,72,,41,13,,,,23,,83,10,61,91,,48,57,,,,,,93,,54,74,92,63,,80,,56,,,,,,94,80,,30,30,,,,,36,,91,45,73,,,,,,,,65,58,,34,,74,,,,,6,,23,,,,38,73,14,16,,,,,42,,,24,84,,,,,66,,70,94,79,16,,,,,62,42,,,61,,,,93,92,62,79,,,33,43,97,31,32,,,,81,,,61,,97,,,,44,,9,62,13,,60,25,11,,,,55,,,20,,,,66,68,,82,84,0,71,4,35,30,,25,,98,29,90,21,66,,,55,99,,,17,17,,,,98,,,27
,,,22,,,,63,,8,16,,,,,92,83,24,49,,,,,77,,,25,,,27,,84,43,,10,73,,91,,63,,29,,,51,,75,73,,19,,55,89,,,65,4,,42,,51,6,69,,,,,,,27,91,25,23,,,,,,0,90,98,71,10,72,83,93,,,,49,80,13,,,,,20,41,,,,,27,,,,,21,,29,33,52,65,,93,95,,94,96,27,29,,34,,70,22,0,,,45,6,,63,36,59,,66,,,,2,22,,16,6,,90,,,37,64,,,,,47,71,17,20,25,,,,,,35,13,95,94,,75,,,90,,,,,23,67,97,,,85,40,,,,,28,64,,,48,,,,14,51,
10,,78,,,,,22,36,,,47,7,12,,,79,,,,,7,67,61,53,,,0,45,8,,96,96,,,,26,47,,,,35,,56,,63,,69,,,,75,,30,58,,94,70,10,,,,52,,,64,41,,,,74,45,,56,65,80,70,,,,57,,61,,8,,66,95,58,77,27,41,,85,,,26,93,,91,,,49,29,90,,,80,,26,,62,,5,10,,,,68,70,21,,60,,,,92,10,,,,8,,25,,,,,23,,,,,46,64,,84,,34,93,,29,,,,65,,8,,92,27,59,89,,95,,99,17,29,46,76,,54,,89,56,,,,,,,,80,,,68,77,,,,71,,,,50,73,,,61
,,,,49,,,60,58,,,0,,,,,,,98,53,84,60,,,30,,,99,,,90,79,,,22,1,16,27,,,,,24,58,,,73,31,53,13,6,32,,76,,,5,52,20,3,,46,30,,50,,,72,45,74,2,73,,86,93,,42,,9,92,,,21,,,,63,8,,6,,,74,50,,,54,85,,,,59,,38,,43,40,38,37,,,54,68,,,69,,,9,,27,80,57,94,2,47,60,83,,,46,,77,,30,43,15,,,,67,74,55,,48,97,67,,69,53,,,,15,6,,,,,,,13,,1,21,,,67,,72,75,31,56,34,,,,5,85,,,80,86,31,,,,,2,,97,,,,,,,,58,18
,45,,,,,25,,,,,96,32,78,,,,,,34,51,50,47,53,82,,,,,3,,82,87,,87,,,,,11,,,,,69,,,,59,78,28,,,,59,18,,94,,54,42,,,,84,3,,,20,58,45,,,46,,,65,53,,,,,,,,,84,,83,,,20,,,,,69,,,57,,15,,20,,29,,18,36,49,20,,,,74,,,97,,,,95,,,88,97,,36,,,13,,57,,,,,,74,,40,87,80,,,,41,34,42,,99,,8,6,,72,92,18,,,85,,,8,66,,6,11,76,,44,2,,35,65,,,47,,79,,,60,,22,12,59,41,,,54,78,75,7,66,,,,80,72
95,30,58,23,,44,18,,91,1,94,,87,,45,,,2,,78,32,73,,47,,25,97,,,90,,,20,34,,81,96,,,85,,19,,,,69,,86,,51,86,16,,,,96,93,,,46,74,,,61,,83,,49,99,82,30,,,40,29,62,88,23,,,,40,10,68,87,,,99,,7,,78,,,12,,,76,17,72,,,,,,50,,,91,,,4,35,,99,3,,54,8,,28,32,,16,,,0,58,,36,65,,93,,,,,,58,,96,60,28,83,20,,,,,,20,4,,12,73,,,39,,,77,23,93,98,,,76,20,,11,,83,,69,,,,,,42,,,22,,,,42,,,18,27,,,56,43,,77,,85,16
,70,4,3,,65,34,9,21,19,,43,16,8,98,,20,79,,,65,,67,,,,,91,26,,,77,,,13,,,43,,,79,13,,32,11,,83,61,40,,,98,,6,74,71,83,15,24,,,17,,,,,93,28,,15,,,4,25,,74,,1,,3,40,52,9,,37,59,,,7,61,38,,,,35,79,34,,,,,,,,,,22,,16,96,91,21,9,67,3,18,32,,,34,,,35,3,63,,0,,,21,91,,0,,10,,22,,,93,82,17,,,76,73,73,,,,,67,,80,,95,,2,,97,,34,,,,,,45,22,65,,,83,48,37,,42,23,13,21,38,,9,,45,24,,61,13,54,60,,98,35,8,51,,,,
44,,,,,,,57,74,,,,,,,38,43,,,,,,34,47,19,8,,,,,,,,,18,7,1,,,,35,,,,57,24,91,,,63,27,,7,28,7,74,69,57,0,96,3,,,28,,,,48,52,,92,45,,75,,94,,92,,,98,,,,,,,,71,,47,30,50,,72,47,,34,0,18,,,59,,53,2,6,,25,60,39,56,,,61,40,71,,61,25,90,20,,,45,25,95,0,,,94,,,46,,65,,,,,49,62,26,42,18,63,87,,37,42,6,,,,11,,,,,,,,,27,57,,,18,20,,86,,33,70,,37,98,94,,39,,70,21,,22,78,,0,,,11,67,,15,,24,,36,,48
,,,23,,2,28,,,,,90,,,61,5,,,,,,,39,32,,,22,,40,,79,83,28,,93,,17,40,,58,19,,65,,87,,83,,,,,,,,76,,,30,,,,8,55,60,,,,,,0,,,,16,27,12,8,,,,,87,,31,,,,37,,,46,,75,,12,77,55,,64,30,,,,10,79,,,,,59,99,34,,,85,20,,66,,,5,81,,,7,,11,56,,,0,73,49,,,,,,82,12,75,,90,,14,45,33,0,,,,,,2,61,,,26,,5,,42,26,,,,,24,,92,77,53,,,,,,79,4,,,,,11,,,60,70,72,,42,5,,31,78,25,,,,74
,45,,55,,65,11,21,,64,73,,,31,57,,,9,,,,,,,,,,5,10,,,54,19,,,94,,43,65,1,,,,76,87,,,67,49,19,59,37,57,59,95,35,,26,,,,,,,,94,,5,9,39,,0,45,14,93,47,60,,5,19,70,,,2,,,61,84,,,8,86,90,,91,6,47,92,24,,99,,,,,90,,,,,55,51,,,,,,,,,,,92,,,,,,,,,78,,36,58,31,94,47,,,,,17,,60,,82,,,,,,19,,14,,94,,,15,,2,,32,,,58,32,64,,8,70,30,15,6,46,,,33,,75,,,8,,96,,,,2,,,,7,83,64,,48,83,
19,5,,,13,32,,25,79,12,,26,47,,,70,83,66,23,48,13,17,,63,,,75,88,,47,25,,56,,,,49,,,45,,,,,30,59,,,18,38,98,4,5,88,,69,96,79,52,,,,62,,,,30,,56,62,33,87,43,,92,,,88,27,,98,,,52,39,,5,36,,16,,,,87,,,,,92,,,69,,99,,66,13,,2,,,,,53,,64,,30,,,12,,,,,,37,,64,,77,,,70,99,,73,26,,,24,88,,,,,5,84,,24,59,64,,3,67,,,56,,79,,,,82,,24,,34,,83,,,65,,,,,6,,89,73,80,,15,55,49,19,,33,80,,30,80,80,63,,59,33,57,60
45,,34,,,73,13,83,20,16,58,,75,,42,89,,83,99,63,,,,21,96,,79,17,67,79,41,76,64,,18,,,39,,,82,67,63,,,,9,,,46,,19,61,,15,93,67,68,89,,,97,,79,,45,86,66,53,73,,11,72,,5,,,2,,,93,,,8,,67,56,69,67,,63,,,63,15,74,14,15,,,,37,,,16,5,62,,,,,8,,10,46,,,,,,,11,,62,,,,64,44,47,,,72,29,32,,95,28,,68,,52,,85,,43,,,,,27,15,91,60,,,,71,,,,,26,11,,7,32,,,18,,,2,83,83,94,,62,,42,,,67,34,25,67,61,33,,,,,52,65,73,44,20,,69,16
,,,99,,16,71,,19,,58,,,,,,,36,67,,,,,99,31,99,,,,58,,83,,77,9,,,39,,66,54,,75,36,35,,41,99,,,,11,,,31,52,74,10,,9,58,84,,60,,61,,38,,,48,,,,34,63,71,,60,33,42,,27,43,71,,,1,,,,,59,92,79,,93,73,82,87,54,,8,17,,20,,63,76,36,,68,9,97,80,,79,31,,37,21,,47,,70,,54,58,66,,,18,,33,,82,63,,,5,50,97,,86,68,,,,,,19,,36,,,,92,88,22,,29,,34,40,,91,,,,,55,1,,19,,62,47,11,11,,,,,35,35,15,,,21,,23,,,,73,,,75,,50
12,9,,,,,,,,22,,49,61,,,0,,74,,,,88,,,,,93,24,,,16,,53,,9,94,65,12,,64,,82,79,,,32,,97,,80,20,,,19,30,,,69,73,40,8,,,,,,,,42,,,18,,,12,,72,,,,66,75,75,,51,1,,55,,,36,,60,,67,,80,96,,,54,4,,94,78,97,83,,,10,,18,59,,46,5,,,,,10,11,,,61,,85,,32,,,,,,10,33,64,,,,,8,,,65,9,37,,32,96,63,68,,3,,,,36,62,,89,19,31,58,,76,92,,,18,,31,94,,11,97,16,,54,11,33,51,13,81,,8,,20,,,24,,93,,41,,73,0,1,18
55,52,,,,18,,57,89,67,,,19,63,52,,43,95,,,36,63,,17,47,5,49,18,,,,,,,,16,,67,92,36,,45,52,84,80,,26,,,,,,,83,,96,89,,24,,52,,,72,58,,,,,92,16,94,28,24,42,,,11,88,72,30,7,36,22,74,26,29,,,,,67,,,36,33,,,,16,25,3,3,56,98,,,49,,13,,,12,,23,,46,,32,67,63,,26,57,,,,,81,41,70,,,,35,,24,,97,,,,,,97,45,58,76,,20,,28,53,58,,94,,,44,,71,,60,57,51,18,83,22,6,,90,,57,2,51,29,,15,,,,,,46,19,,99,38,,,,,58,96,28,,,29,10,
,,,,67,,,50,,11,96,,,81,,62,,,,,7,94,11,,62,,74,,,,,60,16,,73,,,,90,69,26,,,4,,79,,44,15,25,76,,,24,,,,82,,,6,,71,,4,46,,92,3,,,,,91,,11,43,,19,,,,,40,,14,,56,,23,32,,,96,50,36,80,,45,76,78,,,35,64,,76,39,,,11,64,91,,,69,,1,77,,,,,,,,3,,,96,14,,62,,35,,97,,94,,,38,45,,24,66,63,57,64,,40,,,78,,,,,,,49,,90,39,,,,7,,,,94,28,63,,,10,93,,31,,,32,80,78,,,84,98,,45,72,,36,,5,,,39,
,74,58,95,1,,,,68,25,29,,,,,,,,8,,47,,,,22,,58,,,77,,,,48,,,,73,,,,,29,70,38,,,,,91,,31,,,34,69,34,,52,,,70,97,53,,69,,82,45,9,,,,59,,,19,2,,,10,,,47,,85,76,56,,80,,,66,,,,78,3,23,11,,,,,,,90,,2,,17,,,,3,,,,65,,,,56,56,75,47,,,,31,96,86,77,3,,,53,58,,,86,,,,,18,25,,9,,,,,,48,47,,36,,,,,75,,42,,92,,9,,97,9,,,44,,,,,,68,,,57,,,52,64,,53,55,,,84,,29,,82,,
84,5,,,,,55,,,37,,,,75,,1,25,32,78,,6,52,,,19,,80,19,,,,37,,,32,62,88,,83,78,31,,,51,,72,16,71,8,,65,49,,9,58,,,,,,,16,,35,,26,48,17,17,,,37,,,83,,,,,64,,,,36,,,,,,,50,,35,,39,,12,,,,,32,,89,8,4,21,18,26,23,,,22,,,,,,74,7,64,,29,,,,39,33,60,99,90,,81,,,21,20,69,66,,69,,61,,57,,84,,91,,,96,,,2,,,83,,73,,4,,,,,23,75,,,2,,49,3,,,96,86,33,39,,61,41,,,93,77,,,,,67,,23,,,37,,40,
16,66,86,,39,,,11,,,54,,45,,,,,64,40,,,,41,,,1,,,32,18,30,,,72,51,,99,11,,,,55,47,67,,,,95,73,27,27,,,9,21,,27,41,21,,66,51,56,,,44,27,,33,,,87,,,47,,4,,,,,10,,66,0,,26,,9,69,,71,85,46,72,,64,86,85,,,,21,,34,,91,,7,22,65,33,97,28,,67,,,19,78,,91,53,,,12,75,,33,,,,,97,20,53,,,,34,,,,91,2,,,,90,49,37,54,,37,83,50,93,,,41,,3,,73,85,,58,,,,66,,,,,53,68,29,,23,,,70,,,,33,78,,,,27,68,76,,,89,94,76,79
,12,,98,,90,,2,,,64,51,49,,80,,,3,63,,,,95,45,80,10,,,,17,,49,76,66,,29,72,,52,92,93,,,,,,,,,97,15,,29,98,17,55,,23,15,,,60,,61,11,,89,20,44,20,,57,,,43,50,50,58,42,,,,,,60,88,,89,,,,4,,,,,,12,,,,66,89,96,13,,,44,64,88,,84,,,,83,51,,,18,,,,42,81,30,,5,,,20,,44,,,80,7,21,,24,80,,,,33,,,,,73,,17,26,,,,30,84,,98,2,,,,58,,,,20,,,44,28,,88,29,,,95,35,15,28,,,,,50,,90,,28,,57,26,,,,,74,56
61,16,33,,12,,40,,52,40,,,,,38,99,42,,34,,,94,56,38,49,90,,79,,14,,,98,,,,,66,0,99,89,50,35,29,98,89,89,,,73,87,,,,90,,,70,18,,78,17,,70,,,78,78,47,76,,66,74,,60,76,,,,43,55,,,,,,,74,45,,53,,38,,52,,,55,,,,86,88,27,,20,,,,82,,,27,38,24,81,94,4,95,,92,38,61,19,49,81,,,,63,73,55,20,29,,59,,88,,5,79,,93,,,,88,,88,,,,,,,,44,68,73,50,,,,55,,89,55,42,37,40,41,,16,55,64,,,12,91,,,66,81,68,,65,46,64,,41,28,81,6,,,39,64,,,
,,,,,,,60,,,37,,,13,24,67,0,,58,4,28,,27,,,,,,,64,,,40,14,,,,,58,22,,87,,7,,,,,,,85,45,,30,,11,,,99,55,,,,,,,,,,,3,,41,,95,,99,,,,65,22,94,,,95,,45,94,34,,,,,84,15,76,,,18,,,,,79,82,,,58,,66,4,,42,,,,14,,,,,93,,,18,,,56,16,,75,76,,15,87,2,14,84,10,,,40,42,,30,56,,,27,,,17,,,,,,54,,73,,,,52,,90,25,63,,,52,73,,67,,,,,73,,,0,,,47,,,,,39,,,68,,,,51,89,72
71,,98,,,58,88,,,,15,15,46,,20,,,13,,,,,54,,83,,,,,,68,77,,,,23,74,,10,27,,,77,,36,,66,,47,80,34,,,,15,,,72,31,90,77,91,,77,45,46,,,,,,,88,36,,71,,27,,,,,,,11,,10,15,2,,30,,,,,66,,,81,,,,,,,95,48,,,23,4,,,39,81,18,,60,66,46,46,,,7,44,,,,33,66,58,,,62,43,96,19,,96,,33,33,,79,25,,56,,,,42,,72,,,,63,,,9,20,34,22,0,,94,,91,88,,,26,94,77,84,59,,49,,86,93,,33,91,,,,44,,51,21,,74,26,63,,,23,0,79
46,,15,,,,,,11,0,,51,16,,,,,,,,92,17,,31,99,,,,,7,16,0,40,48,36,20,,61,85,46,56,34,,86,,,17,,,,52,30,64,,,,82,,69,,,96,,,,93,,22,,24,,,22,,36,,16,31,20,,,14,60,40,94,,5,41,99,,,33,,47,84,,16,,,71,33,57,,,,,,65,,,32,,31,,64,,,,,79,,,64,39,,7,47,48,91,99,87,89,28,,,67,,,,30,79,,,,,,19,,98,50,,,,,,99,,,75,14,,96,16,,,28,67,34,56,,,,,,,,26,38,,,79,90,59,,,85,,,99,,,,,,,,,50,,
,63,27,88,40,65,,,87,29,,,,,4,30,,,0,32,42,64,,25,40,,70,,,,,21,99,17,95,41,,18,61,,59,,71,,,68,68,97,,96,,80,,37,,,,70,,50,73,,,66,0,28,,,49,,2,92,,,,,77,,,,50,,90,,,,,97,33,,17,43,,,59,,37,65,47,,85,79,,,5,72,36,28,,,,,68,,,,,,80,97,,,,63,,29,77,,,11,,,,63,,,,,60,92,30,14,,84,,32,92,69,,83,88,,,19,23,,99,,97,42,,,18,,83,,,,,,,50,,,,31,68,67,,29,18,,,,28,,29,9,51,13,,,71,28,,,29,20,79,
7,,,,,23,81,57,33,94,63,4,,3,,,,90,,93,62,,88,,12,80,,73,,,,,69,,5,,,41,,,23,,,,39,,17,,68,49,,51,42,,63,,,66,51,35,74,45,,64,41,17,,,97,,10,,99,,5,,21,,28,,99,,,,,41,,,,,65,28,75,,60,62,64,,,,,37,53,56,71,63,,62,27,,,35,11,16,27,86,7,31,50,,,,,76,,,12,94,85,22,5,,85,18,21,54,14,92,,,58,58,69,,,,,94,94,77,56,,,,83,,66,21,61,,,,,,,,,,44,,79,76,,91,,,,97,69,15,,,93,90,,71,,,82,,,,81,35,50,52,36,,13,
,,81,36,97,,45,,,,,,,,71,,,25,,32,82,,,53,,,,,,,39,,,,,,25,49,70,99,4,26,,79,,35,,,65,58,,,77,17,,,9,12,54,57,,30,,,7,34,,,,,24,,,,48,69,40,23,,,14,,64,57,,33,49,88,,,,,,67,,,,,,,,91,58,,,,,,,,74,,,,7,,33,,,,78,,,,,,12,18,48,,3,25,47,,,,96,99,34,35,5,83,,84,70,,,37,,37,94,,,19,20,22,26,,69,,,,47,32,,,93,,,80,90,,72,77,,,15,,,68,94,86,40,,52,,,,57,94,34,,25,,,92,24,,11,97
,0,48,,,98,,96,,11,45,,,,,,,18,81,,,16,18,,,,,,86,,,,,,,,21,,,,,,,67,,,34,86,,,92,,92,,5,86,,41,,,,,,45,,,,,,,,34,,,16,,63,,,,,,92,70,,,76,85,,56,23,,,27,,,58,54,,7,,,,,,,14,91,,,61,,91,,,12,,27,85,15,,93,,,,91,27,,,47,,80,,90,,,,,,7,16,49,,,76,,68,,,,53,75,,95,74,88,,,74,,23,,71,,,67,20,58,23,,,9,,,,42,45,,82,,,55,4,95,62,,67,88,10,20,29,21,60,98,,63,,,,65
98,,,10,,2,,,,83,,,12,31,,12,,,19,24,,42,17,29,,,,84,80,,,,,,,,96,,,,1,,35,61,,72,,97,64,61,,26,30,,18,87,,94,,,,61,,55,,46,38,,41,76,,,,95,,90,21,,,,,14,5,38,,28,,,73,24,,98,67,,,60,,49,16,,,,51,65,82,0,,,,,,72,,,,93,20,71,5,78,20,77,,63,,58,69,,49,5,20,,34,,,,94,,70,66,35,,,43,59,5,,71,29,10,65,,80,,48,,,35,,87,97,67,,,,,35,83,,,89,,,,64,,31,44,86,,,63,,40,,,,,,,0,91,,,,55,,35,,20
,,,,,20,,,62,9,,,,,,,,,,70,,19,,94,52,70,,,,98,,,,,22,43,76,,76,,,,55,0,2,10,49,72,61,59,39,13,81,,71,99,,,,16,68,34,,,,,15,,98,30,,59,,65,26,,5,46,51,,,,,17,,8,,34,64,31,79,,,,90,,62,,14,,69,,87,68,,,69,98,68,73,,,,,7,,,,43,86,38,,37,83,15,21,,67,,,9,87,2,,,,,45,72,12,50,,7,79,74,,,,,2,,24,49,,12,59,,,2,,61,82,54,,54,30,,74,,34,,38,20,,36,54,,,91,,77,29,,,,19,13,14,,60,69,9,48,,55,,,,72,16
8,,51,,38,,13,,9,77,,,87,,,54,,54,39,,,,,47,73,21,66,5,,,,55,,,,50,,29,,24,,25,,90,,,85,23,,36,,,14,43,62,,,,,51,,8,9,,,,,,57,55,66,,,,,,,76,,,,,,94,,,29,64,84,89,,85,,47,91,82,13,14,,39,,68,46,53,65,85,,26,,,21,,,,68,,,58,61,15,21,22,61,,54,28,,,15,,,,90,14,38,,,,,83,14,,,37,55,,,,34,6,27,49,70,,,41,,92,39,31,69,44,,,54,29,66,31,,87,67,,,,,96,,81,18,75,54,,,49,32,,73,62,,45,,82,,,,,72,,,
78,,36,,3,32,93,,,29,66,14,15,,30,53,,,,23,,35,20,,73,13,83,,88,,,,,91,74,6,,52,,18,,46,,22,8,,24,15,34,,48,,,45,,,91,1,,2,2,,,54,,69,,,0,4,58,,,17,,61,17,,14,,,,4,,,78,,27,,,75,,,,,95,,99,6,18,86,,99,11,25,45,,44,,84,,84,20,,69,,71,,0,16,,19,46,12,,7,75,93,4,19,32,,7,84,,47,39,,,69,9,,78,93,,88,89,34,53,,,67,42,,,,98,,81,7,57,,45,96,,75,,91,24,78,12,,73,,47,,38,17,9,98,33,79,63,,37,,8,,0,30,63,37,,,28,,,,,
,,72,,,6,41,19,,46,47,,,71,,67,,,,90,71,,,83,45,91,24,27,67,2,64,0,,,,,57,18,,63,77,66,,,,75,,33,26,94,98,33,47,,16,21,,,,87,47,,,87,,20,,,45,32,,,,18,95,,,,,86,32,,,,61,,,3,1,17,,,1,,,4,,68,63,9,,34,14,,50,,93,,34,34,,,7,,,,,94,67,,21,83,61,,,,,87,,,,,,43,,,54,18,97,,,,,,32,38,,9,,,3,1,58,89,5,,62,81,,84,85,23,,82,,8,,71,60,43,,,,,49,64,35,50,,,0,,28,,,4,54,15,,,16,24,,22,,,,,15,
47,10,,,,35,54,63,,,60,42,2,88,86,4,,67,,,84,84,,51,45,27,,,,,,,14,,25,42,81,,4,31,,82,16,48,,,,,,,18,,30,9,52,77,,43,,65,15,,62,58,15,4,31,71,14,,84,,,96,1,16,,,,92,,22,,40,,12,,63,2,2,56,60,,,25,66,,95,,47,60,21,36,73,,,,,87,30,,21,,75,,38,,,,,26,,,47,53,38,72,,9,22,,0,,6,,52,,81,,22,28,,49,,2,11,,77,55,87,72,,11,21,90,,,80,,,42,48,25,47,15,,,86,,43,,51,5,,,49,28,,1,,,3,,,83,,15,51,,,0,83,,,77,,,,,71
55,19,,,51,,,15,,,,,59,79,67,,,53,35,38,,,49,18,71,,,26,,,,,,42,80,,59,,,,3,,54,95,63,,19,1,24,,,,,94,58,,,72,57,77,,,88,,88,69,,24,,,,76,,21,22,11,25,59,,22,16,88,,5,31,,,70,,43,,,51,,,8,37,19,,,,,,,24,6,,,,,1,,,58,,,,,,,59,,,42,31,49,,12,,21,,39,60,94,,,56,44,3,11,27,62,86,66,,91,23,66,,8,,,,7,,31,93,26,,,,24,,58,95,91,,37,53,,,,33,3,0,70,44,,4,,62,,61,44,,93,,87,97,53,,59,62,,40,,53,0,,
74,,61,,,,29,30,31,0,,13,,6,43,,,60,15,57,20,,,24,78,76,,,,87,,83,,5,88,94,,5,20,,71,95,58,35,,,5,73,76,,,12,17,91,,73,92,,24,74,,,,,54,,,,58,38,,21,16,,,,,,,,,,,83,28,,42,75,17,,,16,,79,78,83,,,,,10,51,,68,,,,47,85,59,,,,,78,,,,,,69,59,65,,,65,78,6,,28,,81,74,,39,,43,,64,64,2,16,13,,88,,,39,,64,,58,,67,37,61,,,19,,84,,,,,10,,50,28,,8,,49,,,,,,62,44,83,,1,,31,20,85,,15,,,,24,,71,5,74,60,54,
80,90,,,,60,20,14,,,,18,,20,12,,,,73,,,51,,,33,53,87,,11,99,59,36,38,77,35,34,,,,,0,,,0,,,,,19,,96,66,46,32,72,52,92,,55,13,,,,,17,68,,,88,,,29,65,96,,,32,40,,,,62,,20,,54,31,92,,,,,90,47,,40,,56,,58,,58,77,65,70,98,,,,,42,23,,,,0,,,,63,54,,36,9,27,,44,,,45,4,62,40,,,,55,,66,16,,54,,89,,,,,96,,,95,,,,88,,77,,,75,,94,,,,,45,10,95,,,5,,,,68,50,87,43,92,39,77,,,46,,,63,6,25,,48,,52,,10,20,,59
60,10,81,,37,,4,,,,5,69,86,42,,,,79,0,,,9,13,60,,,,35,,70,71,,,66,36,,19,93,14,,52,5,34,,1,23,6,63,,49,,71,,88,21,72,41,,94,,39,,33,,,31,,78,,,3,,23,,24,,,,,,47,48,,,72,,,,87,19,,71,52,62,3,72,,,,61,,,25,,,,99,6,79,90,46,1,18,,,,,,,42,,89,,,44,3,52,25,81,26,,,25,45,,,,,,,60,95,10,1,80,,24,73,30,,57,64,,,2,57,94,,,26,,,79,52,,95,52,,33,,68,24,,,97,64,,,28,,,,,,,,,,54,,,51,,8,,,41,3,,2
,70,48,4,85,27,,98,,71,66,10,,62,15,,65,65,3,,24,92,,82,31,74,,,65,,,,34,,,77,62,,,0,39,11,,,,58,,,1,,,,,,,14,51,,,,14,95,,,,,41,36,,,57,84,,49,,56,,84,,69,18,57,,,,83,,,,41,7,27,,21,72,,,,82,,,60,17,,79,,,13,,,39,,,,8,,18,,23,,61,,51,,,33,0,95,,75,,,,49,,70,64,27,17,,9,64,46,38,,,,,36,91,,27,29,,90,54,74,57,,94,87,,58,57,,35,77,32,,40,90,,66,,55,63,46,,,7,58,79,26,2,,3,46,29,46,,27,,39,99,53,24,,,,
55,83,3,78,,35,94,,,,59,34,,60,26,94,,18,28,55,10,38,,15,21,25,90,,65,,56,52,89,,,28,,,,,10,,,,14,,,,,,,,,,46,17,,,50,3,91,,26,,,,,,,,,90,80,,,,,,69,,,,5,,,,,,13,,,44,,71,90,59,49,21,23,,,,74,,,,19,58,,35,,89,39,18,28,95,,,12,,36,8,,99,,,,13,91,54,87,,8,84,99,10,53,39,46,,,86,37,,85,,,,0,,,,3,,,84,,11,,99,,41,,92,54,96,7,56,23,58,14,23,0,,69,2,76,57,66,,,20,55,39,,,81,24,12,85,23,35,3,,65,89,,,28,13
72,81,25,57,,,81,41,,39,6,19,,,38,,18,14,66,38,79,,9,,,28,,17,,,,,,,,30,60,,14,,,,80,,85,,,23,3,,95,,39,,,68,18,,,43,,4,70,49,,,,,40,70,51,54,,14,31,,52,7,21,,16,7,,,,,28,93,,15,49,,59,51,,,28,,72,65,69,,34,76,35,,21,,4,,30,,,86,,,,7,5,44,69,,13,,18,32,,,79,,72,34,,,27,,,,3,6,80,64,75,73,,,,,83,,87,,,,80,,,19,43,85,31,70,,31,,,,84,23,,,30,,85,,40,45,93,88,49,31,91,38,,,,,51,,,88,,91,,7,,,,42,
92,99,,9,97,,,,6,66,,,,,,65,,52,,53,,,,55,15,99,59,,14,15,,,30,13,69,,,,47,,,,85,97,76,,56,42,,79,,,,26,,88,,,,26,,,,,28,,,55,,,72,,,80,,,,,,83,40,74,23,2,,,22,82,,,,20,,,,,41,78,59,7,,,38,,,,74,,97,8,97,66,95,65,,,77,51,98,82,,19,,25,,,55,59,,48,,,35,64,22,45,61,,,3,,,,24,,32,29,27,,,35,49,56,35,,,81,3,,,22,77,,23,,10,84,59,,72,80,47,77,45,70,45,38,33,88,77,,55,,76,19,93,15,,,90,,35,,,98,5,,,,
53,92,45,,,3,71,19,29,62,,,,,,,3,,56,,,,98,,,59,60,,,32,10,,91,,78,63,35,,6,38,,93,,,,,84,75,,,,21,,,37,9,,73,54,44,,,32,,62,,3,10,,85,,,32,,,65,,,12,,51,44,65,30,,,,,,66,,86,,7,,62,16,45,,99,59,20,,57,78,33,,82,75,10,44,,,69,60,,33,38,,,24,25,,83,90,4,,,,6,,67,70,,38,94,,84,37,51,,,32,,88,,,,,,,,,,,,52,28,,,4,67,49,77,,21,,,90,,83,,,29,9,,,56,83,9,93,17,,83,,,16,7,71,,,13,5,,90,,,29,,
65,,,25,83,,,3,74,73,,72,,,,29,,33,72,,48,26,,,,,,58,,68,78,,43,51,54,,,,74,42,39,69,,62,,88,,,,86,,,,37,60,38,,64,,,,,47,9,,,98,38,95,50,,71,99,,95,,34,,,,,90,84,44,58,,,,,,,,,27,75,98,,,24,28,21,67,,18,24,,6,,59,,,,,,30,,,77,,,44,34,,,,83,,,,,92,48,,,,,,42,29,16,,,69,,32,,64,,,,,87,19,,60,5,,,36,31,,98,78,29,,,67,61,47,,,,38,23,13,16,,68,,,,10,,,85,51,96,,,41,,64,9,95,32,1,,87,,
,47,5,,,,,52,9,36,91,18,32,,,68,61,,62,76,87,94,,,24,,64,83,62,85,,,,,,85,56,,92,4,,68,92,,,15,,,67,,48,,,35,,68,,,,94,98,,,73,,73,68,,62,97,89,12,,95,51,,46,87,20,,37,,,,44,,,48,86,69,,,,81,52,,92,,,54,76,,7,13,,63,,,31,92,9,93,,15,33,,24,0,,,,,74,85,95,73,1,,,74,85,,40,,47,,62,,,11,,37,93,,42,,,90,,,33,,70,65,,,35,,39,30,,,,,,82,41,,,78,,78,26,62,,22,,39,,29,,31,64,19,54,,66,,10,,,,,39,,54,22,98,,72
85,74,,,13,85,,,23,95,,37,34,39,,,,95,56,,,91,,,93,0,89,93,69,,32,8,45,31,,,,92,,7,12,50,,,3,,47,28,,38,,,,48,91,,,43,,80,18,7,,91,,,,,,6,30,13,,,47,76,,19,,,42,,13,43,,,88,,,4,,,5,,75,,29,,13,,84,21,,,60,,27,,53,,57,,,16,31,,,21,59,,,,25,,32,,83,7,,,,6,86,,,54,32,,86,,,26,53,,,89,,51,,70,70,50,64,,67,27,,,34,42,,87,,69,24,36,,,21,,31,,,,83,77,56,,,49,,18,60,,,79,,20,82,68,,,5,,26,,,57,,
,,,,96,56,77,,60,46,19,,98,55,,,9,35,26,43,58,,59,,32,33,,3,82,13,,17,0,96,0,,56,42,53,,13,23,,9,,45,23,24,,,,,90,81,,,,31,90,77,,15,76,,,,91,,10,,,,15,,11,,,41,,,30,95,26,52,39,32,87,22,96,,88,52,1,,58,50,56,32,99,,15,,44,,,46,79,78,,,42,,,95,4,16,72,,67,95,,48,,36,,,,,,42,20,,96,,,,6,,96,60,,,,,,,,82,,,,27,,7,20,31,94,48,,70,9,90,91,,51,56,,9,,,,78,,,,47,2,,83,84,,,,,18,18,80,,,,,,,32,67,,12,28,,
19,,67,,,6,,,54,,82,46,81,,,,,,87,73,78,,,17,,44,66,10,79,59,,95,,46,89,,,68,91,,,5,94,85,8,0,,,56,39,41,71,,,6,,,,4,97,,30,,,66,3,52,20,17,11,14,,90,,,18,87,,,,66,96,,,,,,91,20,,,69,,,,,24,42,59,48,67,,69,21,47,53,,9,,,,,58,,39,89,73,,22,,,18,,,62,,,74,,5,,,42,31,,9,,,98,55,80,18,47,54,,,27,,39,96,,,,13,,57,,,,,,48,,4,90,,87,26,78,,,16,,35,34,5,4,,,,38,,38,61,7,56,,36,79,79,,,2,62,,91,39,,41,3
,57,,54,,,66,90,41,,84,69,5,15,65,63,,,,7,9,76,51,27,,55,,,59,,84,41,89,93,24,29,36,33,12,,56,54,,35,28,,,65,,24,,,,,,,,18,,,,,,,63,,8,44,,22,,87,,5,64,17,,,,7,,59,,54,88,15,50,,43,6,59,39,,,,,,,38,,98,27,76,12,19,,,76,,11,43,,,59,,,57,69,,,,,98,,,,,89,99,86,,6,,,,,,,,71,,51,,26,,43,,78,,65,46,,60,,,,18,26,,,,,33,91,,,57,65,,,,,37,64,96,,10,56,,14,,,,,75,,54,,,88,55,92,,45,,97,,,67,
,27,40,19,,72,37,98,91,,,11,39,,,56,,,77,,89,91,,,,,26,,,26,,,,0,,,58,91,,69,,,15,,,,,26,,,89,,,33,,12,14,52,83,,,31,,,20,58,,,,96,,84,,,,,47,,,,30,,75,72,58,0,,24,,62,82,51,51,,,,85,28,,,35,,53,,,66,69,,,,,,,,,74,77,99,45,,51,,40,,,,,,,,,,,76,68,99,,65,0,,,,18,,,,91,88,47,11,,93,64,,23,,,,,88,,39,8,,67,,97,,,,54,,,99,,,,,,6,7,22,25,92,76,,2,,,62,,,71,33,,,,,66,
26,50,,,81,,,,,64,55,33,,,,24,,,,92,12,68,,9,,5,90,35,34,,,49,,,,54,,77,7,,,,90,92,,,94,47,,,84,,44,16,52,,,,54,,11,67,,,48,34,86,,,10,,47,67,,,,,,,97,95,,87,95,60,,40,56,,,,,,,43,49,25,82,19,77,92,,93,19,17,,,84,81,60,94,,33,88,,92,99,47,45,32,51,36,70,60,97,,,94,33,,8,8,30,75,17,75,,45,,,26,9,69,64,,,97,,,50,,49,,76,,26,,,,,,93,,49,42,,69,18,,,41,,,,79,,60,,,22,,65,61,,24,,92,19,15,,,,45,8,50,88,57,,51,
86,65,,64,3,50,71,,12,,,,22,,63,,37,,,,91,34,76,19,3,39,53,,53,,,80,36,,,,,,,,,,75,21,61,,,,,,,0,,,,,67,,,,,37,55,,2,,,43,54,68,52,64,,,,,,,,,,,,,70,,23,,7,,,60,,,82,,85,94,67,99,7,86,52,99,42,47,,,82,,,93,49,51,,30,,,49,39,,13,,59,,,4,,79,,,91,,11,58,55,99,,,,38,,,41,,,69,64,72,83,,83,,70,40,,,,94,,,,85,35,17,89,58,8,8,39,,,,,,,,6,49,5,28,56,61,,,,,67,,,,,,,,,62,,,
17,,,40,49,,,,82,,21,,,,59,,,,45,,,42,51,65,,48,2,,54,,0,,30,,24,67,,12,90,68,82,,6,,,,12,,3,93,,20,58,43,77,,86,17,48,,,42,30,91,,91,,42,59,,,99,,1,43,,,,47,,17,17,,,,,54,12,,16,81,77,,24,,31,,3,,3,,,,,,0,29,,,81,35,,,37,,,93,,,20,84,,25,,96,99,,,,,67,,,79,,47,,19,,50,,95,,61,41,,,58,35,25,20,,99,,,,,40,,8,,47,,24,73,,,,70,45,66,45,94,63,97,,42,69,,89,,88,67,25,,,71,94,27,,,,,47,,55,55,62,62,91
,,,16,,74,12,83,79,,20,,,,9,68,71,,50,,,25,14,31,97,62,,,29,83,32,,97,64,80,,,,5,,,,,98,83,47,92,,,,68,63,76,60,,51,,,,,,,49,,,69,25,71,92,,75,82,65,49,,,,44,81,,46,,,87,,,,60,,,,,,,,25,57,,88,25,,,23,82,,,19,33,,77,,4,31,71,8,8,,26,99,20,,94,13,,20,60,,90,,,,7,,,,57,54,,,30,,20,92,37,,17,,91,,31,,,5,38,91,,,81,22,,26,,,91,13,,,,29,2,36,,,96,72,49,,13,,,,9,,,,,55,,68,23,45,60,,,,,81,49,,80
,,40,14,6,,26,36,,,,,,81,,,99,6,,27,,,37,,88,82,,2,,,,,,,,65,,21,63,56,83,47,,69,,,,15,76,,,62,,,16,,,39,,76,40,,,63,,,,41,29,,79,15,66,27,99,44,,22,,,34,99,,11,,,48,,,77,49,22,4,6,80,14,36,,,97,83,,23,14,,58,,,,33,,,15,24,42,87,,,,14,76,39,38,14,,,,41,17,,,44,86,64,,,80,,,,64,56,,72,0,46,26,,,99,51,,,91,,56,,6,,,,83,,,79,,,,46,6,,10,,,81,46,,,83,,,70,4,39,,,,40,,29,,26,12,81,99,,7,,48,
23,,,,,48,11,,76,,,23,42,,,,,42,,,,,45,45,,91,,85,,4,,31,61,,,9,94,84,,,49,17,21,18,,56,54,,,,0,81,18,,,,,99,,,,85,,66,28,,93,,,21,89,,97,82,8,,25,96,76,,3,99,72,62,,,,5,63,86,,,,6,,,16,36,,,0,16,,,,,40,24,,64,2,0,,98,,82,,,13,95,,,17,,52,,,76,94,,27,,,27,,,,,,,37,4,65,45,58,,14,67,,66,,,7,78,,56,,,,40,84,,5,,,99,77,80,64,,34,,92,99,,48,,37,66,57,33,,23,94,,,,,,62,,,,62,61,97,35,2,,
38,,56,,68,,88,,80,,30,2,41,38,64,83,34,77,,66,,33,,,,89,97,11,,46,,,64,18,,,,38,73,82,,44,,62,,66,,45,,35,,7,,,,35,77,,,,,,,,72,,,,6,,16,81,47,59,94,,,64,39,,,26,,,,2,,97,18,4,48,,77,39,,64,16,,,,,,,,,,,60,33,,67,,22,,47,90,,,,69,,,29,,67,,,,,69,,,,,,51,34,,79,,,,,,,,,19,,,82,11,37,97,85,,67,67,,24,58,,3,,70,,43,,,,3,70,,,,,23,69,3,54,,,,15,89,93,68,,,,,,98,,33,0,,,,65
,,,,11,38,38,76,,,,99,,,,46,9,90,,21,52,,,,52,,,,45,,22,8,,,78,,84,,77,,35,,,,52,,14,28,,94,,71,,81,1,,2,52,,9,,,53,,48,48,93,31,,,3,79,,,57,43,55,,,,13,59,40,,,79,2,,89,,,68,9,84,88,,,,77,72,45,,39,85,,,53,,9,,,,77,45,34,,,,,42,5,,26,,,,,79,71,2,73,,30,25,8,95,75,,58,,27,,,,,57,8,97,14,,,,11,99,37,52,21,,,,,,,,29,58,76,62,,91,,2,74,,3,,,,63,73,27,81,84,75,,,52,,66,21,,0,,36,26,,,,47,2
,43,86,,,69,75,,62,,53,23,22,87,22,2,,,,,,0,,,,3,,67,,45,,,,,47,64,45,,77,31,21,,,92,,79,,2,,,9,53,,10,,,,39,29,,,,,83,9,92,,83,,35,92,22,78,,,,98,,35,73,92,62,33,,53,,,,57,76,74,92,33,,,28,,67,,31,55,55,,,,,,,86,63,,,85,41,,,78,88,,,44,91,2,,,,,22,,25,47,42,,,,,,36,61,,,,,28,,83,,,,88,83,17,22,,,,,42,21,,72,51,54,83,,,15,,,9,32,51,38,71,,,,32,,52,,16,,,49,80,24,37,,10,72,,70,,30,,,,11,86
44,,5,,,45,24,,,,74,,20,,19,81,24,,63,92,,,79,56,,65,50,4,23,,50,,,52,,,,,58,86,11,,82,10,,61,1,39,39,67,70,24,92,,81,23,,77,43,57,40,,15,,79,,,78,62,,76,,,,23,,25,62,,,48,,44,,39,70,,85,62,80,86,,,,73,,,59,12,,92,,36,94,,82,82,38,,,97,99,89,,90,97,,24,38,,52,,83,,74,11,,,57,,60,69,15,84,,,,,93,90,75,91,,70,12,76,73,85,63,24,38,,91,34,,75,,78,29,,,,,,,69,55,20,,62,58,41,80,,,23,,,43,89,,,17,,91,16,,15,,18,,,,88,,,20,2,,
37,10,,12,,,16,1,,28,13,86,30,,,66,5,,31,97,,,,,,83,,,,48,82,,31,95,52,12,86,86,34,53,,86,97,68,,,,9,0,6,,,70,39,58,44,99,,,,,,,,81,,66,,,,9,,,,5,,,,4,95,,76,,,,45,,,65,,47,,48,3,33,47,87,,25,3,9,61,,,,56,,21,,9,,22,,3,26,,31,,98,,59,,3,,,31,66,52,47,94,,,3,,,,,,,74,,93,,,,87,,47,45,91,,49,,40,5,,24,85,,55,97,8,,,,46,,,43,91,71,99,53,55,,,,8,52,,93,,,,,14,9,24,33,2,24,,,,26,40,,73,,
99,,95,,,,,54,,,,,,,,54,,,67,,,,,81,,,6,,,24,32,,,71,,,30,,,35,59,54,36,73,,58,,,,82,,,,,,,,,46,21,,,65,3,51,,,,,,,21,,,54,64,,,,,94,,,,,,,,34,,32,,59,,,,0,,,15,92,37,68,89,73,47,35,,98,,,,,,34,,93,,,68,,54,,82,44,7,33,,90,0,36,76,12,28,,24,,59,,51,30,,,74,,,,,,6,2,33,,44,,,,20,,85,73,,,,8,,83,,,99,0,48,,91,,,,,,,13,,93,48,,91,83,63,53,,,89,,,95,73,,94,,70
60,,,,,56,95,40,,,7,,58,,88,,65,37,,,,,74,,,,,,26,57,33,,,,2,47,46,,65,26,35,,,98,4,55,,,,,62,82,52,85,31,10,,,,2,,,,43,,77,3,19,49,,81,,,13,,,,,,,,56,,,87,92,,66,99,,88,,,,14,,,94,47,44,,,,,92,78,,,43,,61,,,31,,,,,,43,37,,,,74,,80,,,18,41,,,6,35,34,,,,37,65,,,13,,,,94,,76,20,20,,71,0,,,,,74,39,,85,20,15,,60,4,,83,,,,36,,20,,1,,,,26,11,,14,,40,85,27,0,,,90,66,,,,,,88
9,,,,,,28,88,,19,55,,,91,32,60,61,37,49,,,,,,,10,25,,,95,21,,96,,28,,,,,,,,,,,90,1,98,,,15,,66,12,74,,49,,43,,98,53,,,,,,69,61,,44,28,,54,16,,59,,12,,62,,97,,84,57,98,98,21,,49,42,50,59,,90,80,,,,11,19,,,,,4,14,,,9,,,26,,,80,91,,90,,,,75,46,,51,,,63,,,60,,,,,39,76,,53,,,9,,,11,,,,94,,44,96,26,89,,91,2,64,37,91,6,,73,73,96,32,29,4,,,92,16,41,88,,,,0,,,73,,58,67,28,,,,71,,99,,0,75,,25,,8
,14,28,78,88,15,28,63,40,,,,,55,,8,,53,,75,13,,,,,,88,,,,35,90,,,,16,,,40,30,30,39,45,,57,15,,,74,7,,33,26,,,18,,67,,33,38,51,94,76,9,,93,,,,93,,37,18,30,50,,,,,95,,55,82,,,,,,,46,,45,51,,95,,,,15,,,71,,,,,21,17,,,,91,74,32,,60,79,4,,76,42,,,,68,47,1,26,,,,,40,36,29,,72,95,84,,49,58,45,,,,,,34,,65,78,50,,80,,86,62,51,,,,33,59,,66,85,,89,,28,,,94,86,,41,56,,4,9,37,,,40,,11,,,,,53,,95,43,9,,87,49
22,43,,41,83,41,,,86,13,,,65,,29,3,3,,,67,44,,34,,25,,44,,85,,,43,,,,,,69,84,44,23,,14,64,30,64,64,,,,69,62,,,,,,,,,83,31,51,44,,,17,66,,,,40,17,,41,,,79,,,,,,,78,,70,,3,,10,,23,,,,,,41,,,,82,73,1,51,18,,,87,11,,,26,19,,,70,97,87,84,25,46,62,,88,,22,59,,,,,,55,35,72,15,37,46,45,,,53,16,,66,,,46,,,,,37,,94,66,47,14,70,56,,,31,37,,66,,80,,,30,75,,,,61,18,75,57,50,,,,,,62,3,,5,,56,,,82,,,,
,,,24,,,,77,,63,22,29,49,,2,,53,,66,3,,7,,,,44,35,43,,69,1,,2,,,,,,,,10,,,,43,,,,7,,90,66,59,84,36,99,,,78,,,70,45,96,,,62,85,,0,,,37,,37,,12,56,,,63,74,29,,51,25,70,,88,27,56,43,,,,85,,11,16,,18,,34,,60,9,90,79,,,,,,,,47,,,,89,93,36,,88,,53,,72,,,14,37,,,,64,,,,,8,35,,30,,88,46,,84,,97,85,2,,,68,51,,77,,,30,19,,,,,,,,9,,97,48,40,64,29,,30,80,60,,,12,,,,60,42,,27,,40,,,42,50,5,20,
48,,,54,41,,,61,,2,,,,,,5,,55,13,,,30,,,97,,,61,,78,16,,,32,23,31,,,,78,,19,,8,18,,,,,,21,67,,,,,52,,65,95,,94,35,,,,,25,81,,14,,36,,,11,,,,,49,42,,91,,45,80,9,64,,88,51,76,,,,,,,,,,,,,,52,8,,84,41,67,,87,91,18,,1,,16,,,,,,,,,85,,4,,68,,54,,87,54,,58,13,,18,,,,54,68,,24,,,,,81,,,57,,10,,13,,,8,,90,,,,,10,5,65,,,,25,,,,,21,18,90,69,,79,15,,,96,,,,,72,,22,
50,23,,,,,64,,,,,17,,,49,53,19,,,,,,,,,47,66,,,,64,,88,,83,,,15,28,31,14,,80,80,,8,,20,,16,69,8,93,,,,27,78,,,,39,54,42,,,,,47,,,,7,,,,10,,,,96,32,,8,95,48,73,68,25,,,72,,,,,,40,41,21,,,,,,92,,30,,,,77,,,4,71,41,,69,57,8,88,,,,23,21,,91,67,,12,72,,83,,66,,,89,75,92,,59,49,,,,22,,17,89,47,47,17,32,,82,,82,11,,,,,40,,,,,,41,71,29,,70,,,49,,2,,,94,81,70,40,,32,90,,56,,,,,21,,,
,,,,43,59,,,49,,,,,,,,,,48,26,72,89,85,83,,,,,,52,,23,,,,11,,3,,75,71,93,,43,,99,,99,,,72,,,,97,,92,6,,82,84,44,10,22,,25,,63,,23,34,,,,55,,,,9,7,,,,99,,83,,,,,38,,16,59,1,,4,51,84,,,,57,5,64,,89,,,,1,,,,67,,,,,,,72,50,77,,90,85,,,91,10,,,,,,,24,53,,,,,,,,80,30,66,36,,5,,,,75,,,,28,48,46,70,38,,50,95,,,,,29,,,14,,,67,4,,68,86,78,48,98,,,72,3,98,,48,60,,98,13,58,60,35,97
43,39,,,,,,96,41,68,98,,50,,,,98,2,,90,,67,25,43,,,95,57,,,,59,57,,58,,27,57,54,,52,,,,,85,,31,29,,,26,,26,,,5,39,83,4,,57,86,,,,,,,5,2,,,16,,,1,15,,,24,88,17,,,72,,,,,51,,69,,,,,69,7,,,27,,16,81,,66,18,19,2,,65,,,,83,87,29,58,,6,,,0,86,,,90,,96,,,5,,39,30,48,40,71,,,95,,,49,,16,,49,36,,,,,,93,90,,,32,,25,83,38,,,26,92,53,,,69,68,,21,,15,57,,59,,58,,,,58,37,,,,,74,,63,,,,,78,89
,,22,41,,1,1,94,14,22,,10,2,,23,75,37,54,,13,86,,,67,,27,,91,94,,,,,,,9,,,59,,,69,21,54,,,55,99,,,7,,54,,79,47,,72,20,89,24,45,,,1,,,63,25,,,,,,3,77,,,9,36,83,,,,,34,,,75,2,,,,,,67,65,,,10,,68,1,68,87,,,71,73,,,,19,,75,51,71,,6,,19,0,,,53,,,8,,83,0,36,55,,,27,7,,48,88,,,,,,96,90,77,,,,4,2,,73,10,,,93,,0,62,62,,,,,11,,21,86,62,25,,40,,69,,,84,81,,75,42,79,24,,87,,,,,,20,,,,,81,
,,,,71,,,,58,,,,11,,,78,81,,1,37,,,59,,4,,,22,69,,6,,15,,62,34,53,,85,,,89,28,,93,34,,27,5,67,,21,,16,70,,59,77,92,99,,19,22,,,6,,7,,95,18,,19,,25,66,86,,,,,53,,29,86,62,79,8,1,,62,,32,,,,12,96,,,,43,96,27,3,3,,74,,93,81,30,,96,82,,0,,,,,39,16,,54,,,75,,13,,85,33,,,64,,,84,,87,,56,,,97,,45,,93,98,,,,89,93,11,7,61,52,,,20,32,98,71,69,29,82,,88,,16,,,64,9,64,62,25,71,60,,,,98,84,79,,22,,10,,83,,,72,,,
54,,27,42,,28,45,86,28,9,,1,,,,,,28,,,1,53,95,88,,93,15,57,8,,27,76,,,,28,99,22,,69,,58,22,,,66,33,,,,,76,12,,48,,79,,,,,88,75,,,81,,,,30,,69,,,54,14,,,43,,,,95,31,45,,38,18,,,,56,84,49,22,,80,69,34,69,54,,,,,,,,,,,60,,42,,,21,43,,51,92,65,89,,47,52,50,53,47,,,,89,,24,28,69,52,47,58,43,27,,,1,28,,66,38,65,24,,,41,9,,82,,25,,58,60,77,,18,,43,,,99,34,,,,,,,5,5,10,,,60,,71,,,65,,,,,,,5,31,,30,84,51
7,65,,75,,36,,,,21,,,1,21,,26,,66,17,,42,,63,,,7,33,41,52,57,46,75,,44,,28,15,5,9,,57,,,58,,,38,12,,,,46,79,,37,,,,,,91,99,,,,,7,62,,,22,85,90,,,78,86,,42,77,77,,0,70,95,,,,,,,,,66,31,94,25,,,34,,65,96,,,48,17,,,5,39,96,80,,,47,,,,,70,91,,,98,19,,,,2,79,34,70,,39,90,,26,34,,35,,,73,,,,28,,,,,30,27,76,32,,,,23,71,,,37,,11,,9,,2,,,,93,,51,40,25,0,,,47,,2,6,,,39,75,13,,,,51,,98,,25,,36
,,92,55,,92,,,39,74,6,17,42,,,12,,6,41,,,,,,,,79,,,,,,,97,,49,16,92,31,,47,,33,45,,,58,81,,,,75,89,28,,50,,,20,,21,56,63,17,67,,71,,86,,,76,40,36,,14,4,4,51,,,,,,35,86,,,88,79,,43,74,,71,57,,29,79,,,31,,,,,,,,81,28,6,15,,,,15,,,,72,,,51,,,37,,,39,91,79,,,,,27,,,,23,,,,49,,84,47,,80,,26,,,80,95,,,,41,,,,,,,,28,75,,,,,71,,,,,,56,44,81,,19,14,,20,3,,,,,,72,99,,17,7,74,95
,57,98,95,,98,68,73,,17,42,,29,25,,15,,36,95,78,89,86,,,,97,92,,62,11,95,,27,,75,33,16,2,6,,76,98,67,,40,,15,74,3,,,20,,55,,84,33,,98,52,46,84,17,,,73,,9,,57,94,57,,,81,34,,,,85,48,9,,,78,,,36,67,16,56,,,,69,,,83,,96,,1,78,,22,,82,89,,,,,,,89,,10,16,,,,,0,26,,34,,,,,76,,,,72,,,60,28,15,63,,,7,,,,37,93,,,49,39,21,24,,31,,,,16,43,,40,86,56,84,34,,56,21,,,31,34,63,93,,,,87,93,,78,,,,,,,,70,91,,10,21,46,,83,0
87,64,78,,37,,39,68,,,,,20,91,,59,,,,15,92,87,70,,55,,10,,,74,38,,,23,,72,,6,47,25,36,22,,,,,,53,5,,92,93,33,0,,16,,,,13,9,91,,8,67,45,14,,99,79,,,44,80,10,72,95,,,,,42,56,55,53,0,,15,38,73,,47,,,6,68,60,,,84,13,96,25,,46,2,,,51,32,71,,96,,31,,,68,,,51,,,,99,,36,41,,83,97,,25,34,,65,,,,95,45,,,17,,81,56,81,,,3,,,,41,,17,,93,13,,,,28,,36,,71,56,91,9,,,57,,,40,,74,12,,94,,50,94,,,,5,,78,81,80,,,,6,43,42,
,5,84,,44,,,53,,,,77,27,6,3,58,,,55,8,,11,60,,38,44,,87,7,,47,,,6,27,,31,35,,,,40,,88,79,,24,96,,26,,,,,85,71,,,,,,,,53,,,4,57,,18,,99,22,,89,,,13,,9,6,,96,2,63,,62,82,,2,51,74,,63,23,67,,73,,68,,20,,26,66,50,17,11,16,39,,,,,,,,,97,,,86,20,,71,55,,,34,,33,86,28,83,,26,15,81,,,68,32,18,45,92,,26,9,,24,,,,,50,84,,88,,26,,59,,75,1,,,,,,,92,,,88,70,20,,,46,18,13,,,35,,,61,,72,,7,89,,65,69,,,30,
,2,64,,,,43,31,,,,63,2,47,78,,,76,,,,,,96,11,65,74,,22,,,35,76,,,,,23,93,63,,,,,,,70,,,,,,,94,51,7,,,76,,89,,76,,44,,90,,37,28,,,86,99,42,11,4,89,10,59,,94,,,49,36,29,,,,,80,,37,,,,,83,66,30,,,,42,,,,43,92,57,76,62,99,10,,66,,,73,69,85,1,,81,69,59,,,55,63,,35,51,50,37,,15,,,,0,,5,66,,38,71,,,,80,,58,,96,,,,12,,84,,,11,,84,,,94,10,98,8,,28,,,,,8,,,48,,,75,,31,,,2,,89,57,83,20,,79,87,94
,83,78,11,62,42,94,12,,8,83,,,,94,98,24,55,38,53,,,14,73,,12,,19,,28,,,,39,15,7,,,44,,16,9,,73,4,,,,,,,80,15,84,95,,25,49,,,0,,,,,79,,67,,,,28,,81,81,,,,6,37,6,5,,72,,39,,41,58,,,,,88,7,82,,,,48,48,,27,,,0,18,,87,27,84,,54,,38,,46,,56,,,59,,,,95,6,53,,,,,23,,99,81,,,66,19,8,,,,44,,,5,,58,,95,,80,75,97,44,66,87,58,,44,14,75,87,6,,26,76,33,,80,89,,,,,,,25,77,,,11,,,81,18,28,,9,,,91,17,,2,80,,
,88,77,,67,,,,,,3,,53,73,,88,,,15,52,,,92,63,,20,17,,,,81,35,,,,11,,23,82,13,20,20,,4,59,,62,90,30,46,12,59,,19,,2,28,7,,,,70,30,,,39,,84,9,40,,,,47,59,85,83,,28,,,,,10,64,,,13,,,,,,,,9,,57,21,,,,,,,,,52,71,47,53,25,,,57,,,,78,,,45,,12,,64,43,84,,19,70,,,66,,46,34,,64,,,48,,,,52,49,77,,55,57,,,,3,75,,,,,82,12,,,,,,,,93,,,7,10,,,60,,,,,37,49,,38,86,92,,3,12,,,,,80,13,,,,92
,19,85,30,,4,50,11,,42,,44,17,3,,,27,,54,,,97,13,,,,,,82,,,65,21,33,95,,,12,92,,78,57,21,21,15,,92,20,58,49,97,,7,62,,20,1,,61,18,,,37,,96,15,77,68,42,,55,3,22,,,15,,70,,,53,97,,3,1,,73,,,25,,85,,89,,,7,62,,39,,40,,,16,,,,,,,43,65,40,,,,,40,,75,13,43,,57,,95,64,7,75,,,63,,43,30,,48,83,39,,,,4,31,,62,40,36,66,50,98,,,,23,,,31,48,,,,,,11,39,64,89,,,22,,38,,,,83,69,,,,,,,,,,,,,,1,85,,,,,46,
,13,77,,3,81,10,,,64,,,,,,,73,35,,,,59,24,32,,,65,,,73,63,64,,64,,1,,,68,40,,,,67,,,,,15,,,2,84,57,,33,,24,42,,14,31,97,,,,87,92,,41,44,56,88,,,87,,,,4,,36,,,38,37,,6,95,,,,56,33,7,99,,87,,57,,,66,,,,,11,10,,8,,,,,37,5,49,97,,,68,19,68,,,,12,,13,34,,,99,39,45,,,,,,64,77,,6,9,,23,,59,,62,78,,88,17,,27,34,,53,74,,12,22,,81,,,33,97,94,90,63,69,51,67,85,,,,,15,,73,,21,,82,36,,,53,87,65,6,42,,75,64
93,41,97,47,,67,10,,92,,41,61,,,,,,20,,29,,,81,39,,31,,49,,20,,69,83,,3,,,52,33,,3,22,,,24,,90,33,25,,,,67,62,65,83,15,,,51,,,36,,54,,9,78,35,,34,88,69,44,92,,,96,72,94,83,37,46,,,21,,46,83,,,,48,48,,,43,56,,99,,34,24,88,27,52,98,,57,,66,,78,96,,7,,,21,52,,51,13,90,69,21,,,,56,39,17,25,,32,,,,97,,4,42,6,92,3,,,51,,20,,65,,85,,27,43,,59,,19,,,66,,,28,,,,85,77,94,,56,,76,,41,12,6,39,17,17,64,62,57,33,87,72,33,,,75,80,9,,,,59
42,,,65,,6,,54,11,72,,36,3,10,,,7,53,,36,,,57,,99,24,19,,,,,13,5,,,49,49,11,,,,,77,,9,85,,56,63,56,,6,66,,,13,43,,58,,,83,,37,,,22,58,,72,,,,,53,18,93,89,,55,,,15,43,36,21,77,,,,18,74,10,,75,2,17,95,44,28,,,,,87,,,49,29,,,,54,39,,54,,46,56,,86,70,42,,4,8,,,98,,92,,3,,,15,47,,51,34,70,59,12,,,,,66,,80,,69,,51,51,,,23,32,14,91,,,,17,,,20,74,30,,,,92,4,,,,21,,,59,34,84,50,24,,,13,75,,,84,,74,70,71,,28,75
82,30,97,,,14,56,18,,,,65,69,,97,,37,,,53,80,69,,80,5,94,92,25,,,21,2,16,,78,45,38,97,,17,86,1,89,,,64,,40,,,,,13,,,93,28,,5,,53,,,19,68,,,,47,60,,,65,19,27,,64,,,,,,91,,58,68,3,34,,81,12,89,,98,17,74,,58,94,97,67,,32,,,95,,23,,,6,,,90,85,,,22,14,,66,,1,86,,19,5,,6,,,51,,,81,51,,4,80,19,,16,73,19,10,89,31,,,62,83,,42,6,,,27,,50,,87,48,41,33,9,,,65,,31,,33,,81,,95,,,89,95,12,65,,83,,,,82,,,46,,,21,,,,9,,30
,,4,80,22,57,,,,54,15,,92,,24,52,,24,,59,,97,,,83,57,,85,7,63,42,,,38,,,1,67,,,37,21,,44,5,29,95,98,,,5,,9,45,97,,,,33,,66,,86,45,14,,36,,73,73,23,31,,,42,,,18,86,,7,84,,,55,,4,98,,94,56,90,,,1,69,60,62,,,,34,89,,,80,60,,76,97,77,,84,,78,35,,,94,,,,,0,68,23,20,,27,,41,,,40,,49,80,,77,67,,68,,82,91,,,,,65,78,,,,,22,,,84,28,42,,53,84,43,26,,1,37,,6,29,,96,82,,,,,11,,11,,46,,28,,41,,,46,20,28,,,,65,25,96,
,49,5,,,,,,,,92,,,44,,,97,,,92,76,,1,95,20,,,,,14,,,71,98,92,61,,,24,18,,,82,,,,,,,46,51,,,,,,,,,35,,,72,57,6,,,60,,63,69,,14,,57,50,,,,,60,,17,,48,25,42,,,,21,72,45,57,56,34,,,7,91,98,3,,,,,37,78,,33,,,24,65,66,40,83,,,,60,37,30,,42,57,36,39,47,30,,,99,60,4,,79,63,56,52,70,,7,,,28,,,16,82,,98,,,50,,,,,,68,93,,,,61,33,,85,,,,79,,87,69,,,,93,3,28,65,61,62,23,,,,,,35,,,,,77,,97,
64,,,20,,,,,76,33,61,,,54,13,,,,84,0,,,,,,17,71,,40,7,94,0,,,,,51,,,4,,58,,23,,,,,,,25,,,68,64,14,52,,,75,91,57,7,,14,,,13,,,,,,,70,72,95,,,92,96,20,,,,22,,,,79,,27,21,,34,,,9,,,96,,41,59,,73,,,99,,97,81,,,,,42,57,,58,15,59,,,74,24,56,55,,30,70,16,,5,5,,,,25,76,9,,30,6,32,,48,,64,0,93,92,25,23,97,,13,51,,77,,,,,91,85,,,41,69,75,90,65,73,74,,,,68,,,,28,,,,,27,34,4,99,68,76,73,,23,90,16,38,
57,80,76,78,27,25,,51,87,7,,8,48,,,62,,45,,,18,31,,70,,34,,,,,,,,43,,,69,,,54,17,,,29,,,67,,,,93,53,,24,,16,94,48,,,74,,,51,,,,96,34,16,13,,96,,,14,,88,,44,,,,53,,54,76,,,1,,,0,,,8,11,2,76,47,,63,89,97,84,,87,60,,,,,,,,19,,51,,,95,24,30,,,98,,,79,12,73,,28,,,,,6,,,,,67,,51,,75,,,,63,93,,,34,14,,,85,5,78,65,67,60,,55,,,,,66,,,81,40,,83,16,,18,36,,14,48,64,,,,,,,,,24,,,,48,,53
,93,11,51,63,44,,,91,,54,87,12,70,,77,13,58,65,93,46,,87,,,,48,,,,88,96,25,,,,67,,16,15,,23,11,,49,49,,,0,,,98,30,13,40,,,,,23,60,,,56,,,,69,26,,,70,,52,,26,,63,58,15,,,,45,,,,32,61,96,7,66,,14,76,,33,,,12,,14,26,,13,75,,60,45,,,29,26,83,,,35,,78,,73,,53,75,,0,,,,16,,,79,,6,99,,1,,,86,,,55,50,32,95,,40,,83,43,0,79,,31,64,,,,,,,94,,71,,72,98,82,25,,,8,,,61,39,,21,,,34,37,,63,,89,1,,,5,11,77,,,,82,,6
10,,,83,,,47,,,,,90,6,30,,,45,71,,19,,21,,11,,,,,,92,48,,,16,,,,,,70,,53,58,,33,,,65,,,,24,,80,80,,,91,,91,,35,1,,,63,,88,38,31,,39,96,,,68,67,,80,66,51,,43,,,,20,55,,3,,98,,,,99,54,,65,52,30,52,37,41,,57,,47,,,,12,36,42,,60,,,72,66,3,,9,84,0,,89,,,,,,,19,69,,,75,,,,53,,28,97,88,,23,45,,,60,70,31,,,91,19,25,,,,58,,,89,90,16,9,62,95,18,,,,66,,93,26,66,,,76,,,58,,95,45,,21,39,74,,,51,,73,,99
53,,,84,,3,,64,12,24,,,27,7,7,,,,,26,,,9,,59,3,68,,24,,5,,37,60,96,,23,3,,,,,75,34,,,48,,93,,38,44,,,,41,,,25,,0,81,,53,68,99,,79,,78,77,,38,71,29,,,42,,,53,77,7,43,,91,,56,64,,2,,63,,93,,,46,53,48,,35,18,31,,,54,,22,69,,54,,,,,14,,36,,,41,79,27,47,1,15,78,,74,,77,50,10,,,81,20,,,,61,34,,,,12,,,63,,,,,,,75,2,39,,81,,24,,50,74,,65,,,,,22,,,,50,,24,64,,,,34,,,1,31,,,88,52,38,,,,,,,59
,,,31,,9,52,,36,66,,36,,,12,27,69,,69,78,,,,88,,61,28,88,43,25,,14,95,,,,67,,,7,,,38,23,35,3,,,97,30,,31,35,19,,33,49,95,34,98,,9,68,,,82,,27,,,,32,13,,,,,44,,99,,15,3,84,87,36,4,,77,,53,,76,,,16,,40,85,25,,22,10,57,74,,,,,,,,43,,,44,69,,,,,77,,87,,96,98,,,,23,56,,,,,,65,,92,,,,,17,99,1,,,,85,,90,26,3,73,77,27,87,,15,,56,65,,26,12,,,99,43,,56,,88,,95,54,,95,,18,50,,9,,75,97,,46,,61,,10,4,,,39,,50
35,41,,,85,,,6,28,,86,41,,,,,,,68,33,,,18,,,93,,44,,,,14,,,85,,27,71,,54,,82,84,,13,,61,99,,,,,,,,,,56,16,,53,36,71,51,47,,,26,,88,35,14,,,,14,,,,52,,,13,85,,,96,50,,,37,,,,86,,15,91,,11,7,,78,,,,,,53,,,2,,4,42,,,,90,79,,,43,83,66,99,,72,31,17,41,,42,,,,73,35,27,,,,,16,37,36,,20,,42,96,,,80,,30,30,79,,18,73,,,,,22,40,90,,,46,33,15,,11,,97,,,83,40,73,,78,,63,,83,,,,,32,,95,76,8,51,,37
33,49,19,27,,,64,58,46,39,,91,,,,,,,7,,,64,30,82,,,74,,,78,99,,56,5,,85,40,44,22,17,,,,,,,32,53,,30,,,84,37,,62,,,,,87,,,,,85,61,20,87,40,,,87,53,,,,,43,,84,4,,,,91,,,,95,84,6,,,52,58,15,,56,,80,,,,,91,56,70,66,75,84,63,92,71,30,84,58,,24,3,91,70,,68,52,39,17,,,,95,,24,,35,91,72,8,89,,,,,,,,19,,31,,,,98,22,10,,,48,,,2,34,,,,6,87,41,59,41,,4,20,,66,79,47,,67,,,,,23,,,,,,38,,83,2,,,5,42,,,
,96,94,18,,50,64,,,55,53,58,,82,92,82,,48,,35,83,,80,,,,29,11,,,37,,27,49,59,,49,8,,53,98,,39,41,36,,20,27,73,43,,1,96,,57,41,,52,,,16,,67,37,30,,92,69,1,,,,74,,22,,,99,,80,,,92,,70,31,,,90,,,88,86,61,21,37,39,,,86,72,42,99,95,,,,,82,86,48,39,,,85,2,23,,,,13,71,,,,58,,,52,4,88,79,10,,,69,,62,88,,88,,,,49,62,53,87,60,83,,,,,,2,42,22,1,67,,97,78,,27,,78,,,46,74,,,,81,85,,52,,,35,94,,3,51,54,,49,48,5,38,35,,3,,,,59,,55
,8,94,25,86,34,,,,,34,80,0,54,,,0,6,,75,0,74,47,,,,,90,2,67,12,,,23,,,27,,,,,,,,91,98,10,,39,89,,10,55,,,,38,15,44,,,,91,,49,,26,93,,48,,,,,65,,60,,77,,,94,76,,37,95,35,,,19,63,33,44,,72,,,45,,,25,,21,,5,,,35,,53,,,5,72,17,38,,,31,,,,,13,70,10,,,,,,,15,,,,,16,7,,,,,,18,9,15,,97,90,,,,55,53,,,,46,87,78,36,9,67,96,11,,1,,30,,88,64,93,,,58,39,49,96,,23,,23,,78,3,62,33,,,,89,18,72,,,87,,
,72,,,,76,,,49,,,82,35,5,,,69,93,5,78,15,,,,,,46,,,13,,,,,94,32,,24,45,93,,7,98,,78,,48,,15,,,93,,,,,,,,69,65,27,,52,,75,,,,,,62,79,,95,,,96,57,67,,45,8,26,10,,48,,63,18,43,,12,,,,,51,,,69,77,,,19,,8,,,23,,29,80,,43,74,,50,,,99,,,2,,,,35,,17,,49,8,28,66,,,24,63,87,80,30,34,83,29,40,76,,,,10,65,,,,22,,,80,,,,,,59,51,19,,19,82,,,,,8,,46,,77,,91,50,,,,,16,23,73,94,4,,,64,,31,,64,,7
88,47,8,18,,27,48,,34,,,,24,,,78,,20,,,78,45,23,89,5,18,3,,38,97,29,62,,6,48,,,,,87,,,37,73,69,,,,,,17,,2,,45,,80,,,44,56,93,,96,9,83,8,,56,,12,13,,77,45,92,,,59,70,,,,55,,,,74,,,,,,57,,,,,30,,,93,,7,,45,67,65,,42,84,45,62,,,56,,38,,,,,,43,89,,22,,,0,,79,59,48,94,,67,28,68,64,,,,98,,,,,15,,25,,23,18,,,97,,,,,28,91,,,68,,,,,12,75,20,,2,24,,8,83,0,,,,42,,10,,56,,81,,30,,53,,52,,78,,29
85,0,,18,91,,69,52,,87,,92,28,91,,,53,59,,89,,,71,,64,,5,,21,,39,35,,,,,,59,,,17,83,,,,,,,,8,85,67,,,7,68,95,78,,,,30,,45,,0,,,25,25,,,,,,64,1,51,,,,45,,,,,10,72,,,,37,,93,84,51,,,42,57,30,,,14,,,73,26,34,,74,66,19,,,,,95,,,,,64,36,6,,,15,,,,,,91,,,,18,39,17,32,,,45,,,,,,,50,,,68,23,,,33,9,,0,,,,14,27,20,7,62,14,,12,70,,,,32,29,99,43,10,,97,,6,59,,9,,82,,,46,56,6,41,,84,,48
59,36,,,32,44,28,30,69,17,43,55,,,,75,,,8,53,33,,,,,91,,,,,,21,,43,,,,0,2,,,3,,4,11,51,,,17,95,,,54,,,77,,,45,,,,,88,88,,,2,44,58,,41,,,4,,78,,,15,,18,71,,57,,,,91,80,,,88,,,,23,9,28,,,,74,37,,44,37,,3,,86,83,34,32,61,,57,,,,,13,0,56,1,,64,31,8,,22,,13,85,9,31,,57,,,,,,,64,,94,,,,,,34,,,88,,,,80,69,93,,11,10,59,,,,,3,83,46,,,86,,,,6,,,,,80,,,3,5,23,97,57,67,,21,,44,8,94,
,68,,87,,,38,32,48,,98,78,,,4,,19,19,,,21,54,32,31,,,,92,60,,,59,64,75,,23,,5,,78,,63,,62,75,19,,53,,,,,,31,5,,,,,,,22,62,,,,,66,15,34,,41,,,70,,,,,49,,29,81,,62,18,76,88,3,,8,,,,,,,,56,20,,,25,22,,,,42,14,,,34,,,,,15,7,26,,,0,76,,,,49,28,87,53,,85,,39,25,86,28,30,,75,12,,,2,30,,68,,,,,,,9,,87,43,,,,53,,,,76,,56,,,44,81,,98,11,1,3,49,53,68,,97,,,34,87,,,10,,54,,38,,,70,69,,95,59,70
,,2,29,,16,,,,45,,63,,,33,,,68,76,,,,86,10,69,89,,,,94,,76,31,,,42,,,,54,,30,,,,23,,,,,26,36,47,,,31,60,24,,48,86,85,55,,63,,,59,25,,67,44,90,,13,,41,41,,,32,11,23,,,,65,,,48,87,,,62,,,,,86,,,75,,11,,,,,,,,,,,,23,,,,,,11,,,,,22,,,34,,,,46,34,,34,93,,5,,43,68,,78,63,,,19,96,38,50,,,48,56,,,49,59,33,25,,,,,,,,,43,14,67,67,13,84,20,49,,92,,,,,,20,,,,40,,,62,,9,,26,28,,
88,,86,,33,24,,,94,,30,99,,48,,19,,49,86,53,,,,92,,97,,51,71,,36,36,55,,10,,31,20,,52,9,67,,89,,,,85,,63,,,,,74,,22,70,57,11,94,5,61,26,50,,61,,,,,,,72,,,,62,,79,56,23,96,39,,,,37,27,89,79,,,23,,49,,,,,37,88,,26,42,,54,83,,,,75,,61,25,73,,,13,25,,86,,,48,59,80,,,,,53,,,,,,23,,72,,,34,,,8,46,,,,,,,,,,33,90,90,26,,14,52,8,,89,69,,,,7,19,16,,,12,,21,20,,28,57,,,,41,,,91,67,97,,,81,0,5,59,,,
,82,,,,2,,,48,,,49,,76,6,,,,,,21,,,18,,57,42,,,65,52,,87,,,,71,,,,,,,37,84,10,32,,,89,1,0,,0,50,26,,,69,,88,,18,73,,94,,0,8,44,82,,67,,,,76,88,,22,13,57,67,,,,,,35,17,90,,78,,47,46,68,,46,18,,,,58,86,27,75,92,18,,,75,,,,63,61,70,,95,,,,,,43,,,61,49,,75,57,27,31,0,26,,,,,74,73,56,,78,0,,88,,,,16,,32,76,,91,,76,,34,,,,,,34,,35,,,88,38,,76,6,,35,,25,,,,66,,,28,,83,,86,91,68,,19,,75,82,65
,,62,97,,,59,,,,86,79,77,27,,,94,,20,4,42,54,,,42,26,99,31,,95,10,,19,,,10,,42,3,81,,,,,12,,,36,83,,18,64,,,83,11,27,,94,21,,,,95,,,,,,87,,,,44,,,,59,35,,,,,18,72,78,,,,,98,84,96,,2,25,7,37,89,42,58,,26,33,0,57,71,83,,,39,,,,,70,,50,,,,85,72,14,38,,23,85,,,,90,21,,74,,83,53,,47,32,67,91,,68,,,88,31,,,,,62,,39,26,,42,42,94,92,46,,,20,,0,12,,,,53,13,40,,25,37,,,,61,,,38,92,,14,90,33,,,,,,34,,88,,26
62,,,,13,,30,,34,71,,,10,32,,,,,,,88,97,,46,,15,,,,,,9,,,,35,,,,,,27,29,58,15,28,,27,55,,49,53,,,11,,41,48,39,,3,,,92,,75,78,86,75,,34,,60,58,86,,95,23,,53,53,,76,21,78,45,16,,30,,97,,,,65,,57,,,,41,97,24,37,,,,,16,,,,,38,,,28,37,,87,87,4,88,,,24,63,,89,18,,21,,32,29,,,69,73,78,,51,,,,,,25,,,,88,,,76,,,,62,11,46,,21,,,87,,,,17,,,51,,8,46,71,,,,81,70,6,,,79,69,,,19,,64,95,,14,97,,38,,
,98,78,,38,78,40,26,42,,53,,92,,80,,,58,11,,,,26,73,17,,,,,,59,94,6,10,,90,42,18,17,28,73,74,,,,,,,61,,,,59,95,,,4,,88,,,,,15,8,22,,,,6,7,,,31,,,,,7,44,,90,54,27,,43,22,,,65,37,,73,,19,56,,57,,42,,,78,94,71,75,,86,,,,23,,,2,28,,78,4,,59,58,29,,,,,88,,14,,28,,91,,97,51,63,,,41,35,,16,32,,6,47,55,,65,,,23,61,,,,46,77,7,,,,,68,76,19,64,60,53,,,,84,,,,85,,88,4,23,49,55,0,,59,66,,11,,,34,67,1,,81,,
,58,51,,45,94,,,,,62,98,,5,7,59,72,48,,74,,82,,,,,,85,67,,4,,4,,,,5,,43,16,,9,,,,14,,,78,25,80,39,63,68,46,22,,,,,94,42,17,72,,,,6,,,,28,,,,,,,,,,,56,49,25,87,31,72,3,2,42,,,79,,76,97,,86,48,,,68,,,65,,,,,,,4,17,,,,89,,,46,91,,,,,,,84,,,,96,97,48,49,44,,86,76,24,,55,,,,,70,,52,76,36,,57,50,,31,,,72,40,,67,80,,,,61,,60,52,16,24,,,,,,,61,,,50,27,,5,54,,,24,44,,,37,57,50,,8,55,95
,40,51,,59,,,22,32,,,25,,4,,63,48,,,,89,46,,75,14,,,72,5,,88,,58,,61,,,,72,,,,,4,,19,,47,,,13,55,7,,,,67,44,,,11,83,44,,,,59,96,,86,61,,59,2,,,52,54,,39,22,41,,,,,42,37,,59,99,,,94,,,44,,,,85,65,,,,,,,18,,91,,,50,54,8,5,,96,,62,,,32,69,30,,,99,,10,18,74,10,26,58,,23,64,,,,,94,6,,,3,32,27,34,,82,,,65,37,,,63,38,,,43,22,,,20,11,,90,,,28,,34,,4,73,99,31,17,38,81,,,,,39,,,,,82,,22,,,,35
,92,40,84,,,,7,99,,,43,74,98,,90,,,,,,,,,,48,,54,73,28,62,,,,45,,,22,,,27,92,87,61,61,,30,,,,,,,,,,,60,64,28,72,9,22,25,40,,,,99,,,59,,,,,,,14,11,49,,84,,,,65,34,,44,37,,,15,64,18,62,,93,59,55,,,34,,,86,,,36,,,,,38,13,,,89,54,3,,,,74,,53,,46,86,,97,72,27,21,,99,32,80,26,,46,,,28,,0,,68,21,,,77,35,,,19,,,,66,22,,,,47,,58,34,,,,4,95,,,,,,54,13,,,,43,78,,,,,,,94,90,,15,81,57,,83
31,,,,41,,,,,43,79,,44,85,37,,,51,,18,,,,40,,,56,99,,,,81,,93,14,,,,40,,,92,38,64,,45,,16,67,,77,48,,62,18,,98,91,,,29,,,,,,,32,,19,81,,41,10,63,,,98,,21,84,,92,,,,,60,34,,42,64,,,,87,,37,0,,83,19,,,53,,38,,,,26,,,35,0,,61,,36,,2,,22,93,,23,,,,,58,,,57,,,,,,,57,,96,55,,,,,31,,,35,,64,38,,,,,57,,0,,79,38,30,,64,,,,,,,53,,,,,20,,79,,,,,,95,85,23,,53,,99,,,,,,40
86,17,,98,,95,,,70,95,24,,27,,,50,95,,,,,,16,5,56,3,,78,,83,65,,,34,,,,94,,,36,,,36,,33,,72,,,,57,,,65,66,,45,,,68,47,,,5,51,,66,44,,,,,,,23,8,,,,,44,,,35,89,79,,,,,,87,,,,44,47,84,42,39,50,84,99,27,98,,,,73,97,,,,62,31,67,73,66,,,54,,16,0,74,,,29,,,,64,,52,34,83,,0,20,,,76,91,,17,,55,,,,68,,,98,,,,,84,58,,,,39,,,34,24,,21,60,48,24,,56,,,20,,,16,,,45,57,38,,,45,24,5,,,,78,57,25,73,89
,,96,,,,86,45,,,,,,,,,,,93,21,,,,83,,,94,,,,40,84,,,,,,,,,,,,,,71,,,86,,,39,,23,14,63,,42,42,,,59,,0,,,,,18,,,,,,,8,93,76,,54,15,,,,,61,,25,,13,,,,,40,,,5,43,,52,77,,,53,,,,,23,,67,,,,33,,33,,,30,,88,,,88,,,24,80,,72,22,84,,,,25,38,86,,34,,53,40,,,92,22,,88,81,8,80,,49,,,,,,72,32,38,,95,65,,,,,41,31,,,1,16,,,87,,,,,53,83,,,48,55,35,,,11,33,0,,,,
,9,,,12,23,,,,,82,67,28,,,84,25,73,47,94,,43,,37,,,61,35,,,,6,23,9,,,45,27,,,40,,95,21,,,,,49,29,76,,59,,,49,,1,78,,,,,90,,,78,,,,90,,42,89,47,,,,,,95,21,,,78,39,45,,,83,,,88,87,,52,26,,,86,,,,,58,,64,8,,59,,8,92,,94,38,,,,,,,,63,,22,13,,78,,99,,33,,,,76,,81,73,,,,,,8,87,,76,47,58,82,89,76,75,,26,,,,68,42,90,57,,,,76,,17,8,36,,,,6,,,,,,86,,33,,,,26,,14,2,22,,58,,,,,19,85
,91,,,72,,94,,,46,,,74,87,95,50,,91,,,,82,1,,,33,57,,80,,,75,77,,,,,,21,,56,95,,90,41,,58,38,61,,,81,69,,,,,93,81,82,88,8,,,,46,,,14,94,48,,48,76,29,,71,,12,,23,,,,,,43,51,,,88,,,,,,,78,31,93,85,19,65,,32,,,,,,88,62,,30,,12,,,,33,86,41,,,85,90,,,50,81,,21,,,,75,,,18,65,,0,,,31,5,72,,32,,98,15,7,83,,,,69,,83,76,72,,68,,87,47,,,,,49,,,,95,19,,,42,,,35,,,3,,4,,,37,17,,,43,92,35,65,,39
,70,,,32,,73,93,,,,,61,22,0,,37,90,,,40,,,70,91,54,,,,,,,91,,,20,65,87,,,62,19,,44,,50,,,,33,16,,,,24,,,47,46,,,,,,39,,21,87,,,,28,43,,,34,58,27,54,,83,99,,,,,54,61,86,,84,72,,19,,,,,,7,12,33,54,,,,,81,,,43,,,20,71,63,57,,55,,,,98,,,,11,,,,1,,91,,,,81,1,,,84,,63,16,,,64,55,,,,86,,22,73,35,74,95,,47,,31,,,71,,,72,,,,,,,34,66,1,,,39,57,60,,0,,,,86,53,,,,,,,,94,96,97,1
69,56,,9,71,,55,,,,,93,,,,,55,8,61,,,,54,2,74,,68,,,75,,7,62,,,2,24,,,14,70,67,93,,,,,94,17,,49,,13,42,,,77,,,54,,,64,,,,,37,21,,73,5,,81,24,,31,31,,,8,43,12,,,54,31,,98,96,95,,,21,,,90,,,,,94,,21,57,,92,42,87,79,4,,69,62,68,,,,,31,57,,,,34,48,12,,,,,,,89,,,,37,77,59,62,,94,20,,7,,,1,,72,,29,29,26,86,,,71,49,56,92,,34,,8,,5,86,,,44,90,77,33,,7,19,78,42,,30,22,,90,,,,,,85,,81,66,8,,,,,
64,,41,,68,,,,,57,45,,,,59,63,,70,33,68,,75,,,11,,9,55,55,,88,,59,,23,62,,58,0,,,,67,80,29,56,36,,43,,,,31,27,25,,13,,52,,7,9,,96,,59,98,,10,,90,28,,,,93,,3,49,,,,,51,,,,42,72,,85,91,10,84,98,,19,2,48,,62,24,65,,52,80,,,,92,,,,56,56,95,,,74,,,,62,,,57,,,62,,37,,69,,,31,7,,,38,20,,,,1,,82,13,3,,21,,97,,76,90,74,35,,,,82,88,40,,23,74,,,,,8,,,22,,,45,23,23,,,,22,96,51,,,94,,85,17,58,54,,,,17,88,
,96,36,19,,2,,31,,18,,,92,33,,6,29,82,,,34,38,,,30,95,,,54,,37,64,,,,30,26,,47,21,0,,,,77,,33,72,91,,,23,10,,71,84,65,,,,,,,,,,69,,79,,,,,,,59,74,,,86,,,1,,39,,3,81,,,47,14,35,70,,79,,38,11,35,,17,,,90,42,,,,68,40,10,70,49,,60,50,,,38,,15,,18,86,,,,37,64,,,,45,35,80,9,,41,31,20,83,15,65,84,1,,,14,,,,,,,78,99,,42,17,,32,,,,25,,,24,54,46,35,40,,,80,,12,28,,53,54,66,,,6,,,29,38,,,15,,,31,,87,0,11
15,,,,,,,13,,1,32,,39,72,,35,41,90,,46,,,35,,,,56,97,88,,,,,,,72,,,61,1,48,,18,45,,,,,,,89,,,18,,92,,98,68,42,7,,67,94,43,,,67,,51,21,,,,96,5,,,5,,,52,,,,8,93,,,,,28,53,,,,91,,,,,,,44,60,,,,,34,,68,47,,6,,,,12,,,,83,,37,,48,93,,,,72,,,,9,,,74,,79,14,,,24,,88,42,,50,38,5,22,1,,,25,8,57,,,,70,20,,84,,,,93,,,,50,,,,,73,,62,82,,,45,60,13,,36,64,20,,,92,32,,23,13,78,
,,,45,84,,62,79,68,53,,,,97,,,21,56,,57,,41,,,,12,,64,,4,,,,,13,,,3,,56,36,14,84,32,,,,,,29,,,39,32,,,,,,28,,16,,55,34,,86,,,94,,2,,55,63,92,,12,,,,,94,,77,14,79,41,24,59,63,,,26,74,,22,24,1,,41,,,53,27,,,,,,,,,,53,,88,46,73,16,,,69,,97,,81,,,69,97,30,56,,96,87,15,,,,,25,3,,7,77,,,69,,4,,97,40,,7,91,,81,,,4,,,6,89,,56,21,62,,75,,46,,,75,,,7,31,40,,,,23,67,54,,,38,,,,59,61,,23,,
,,,,,41,72,,35,,25,,,,35,,,,,35,74,,,40,,,,80,79,66,,,30,,,95,42,,,,78,24,,,53,,,78,78,76,,68,,,10,41,,,,28,71,,,98,62,,56,21,0,96,,,,,45,,75,,,,79,,51,88,,48,27,,,60,,55,80,,,63,35,71,,,45,84,0,,,67,10,,23,,13,,,38,,,,,,,,24,45,30,99,,4,90,73,,,8,,,,21,41,,,,51,3,,6,,,42,98,,95,25,75,48,79,58,,,51,,59,,,48,,,51,38,,,,47,,44,,,57,,,,,98,29,,54,87,89,,,,33,,,,65,,36,,,40,15
76,,4,73,36,,29,,,91,,96,,,71,43,84,42,27,42,,0,,63,,,,90,62,,20,82,,3,34,83,62,25,,27,,,,,,,56,76,5,21,,,,30,58,27,62,41,22,68,96,,,27,,15,9,,,59,39,,89,2,28,1,,,23,,31,4,,0,13,,84,29,65,,,,32,73,77,,,65,,45,78,,,,49,63,,,,13,,,61,13,85,,,35,80,52,,,,,51,59,17,,91,83,18,38,,,78,81,0,,41,57,,,41,,,,36,,,,,,18,4,44,6,,,89,36,,13,38,,6,,,43,,,27,,,,,,6,93,40,,96,62,80,,,42,,,,,,33,,,85,41,91,,,
39,0,12,,70,29,,66,21,67,,64,50,35,,71,92,48,,46,,,,73,,,,59,74,44,6,,17,,,93,8,,,,,77,,,74,58,93,2,29,71,40,,,68,17,,74,,47,,80,72,,,43,,25,40,98,,,40,10,34,57,,,90,89,,,,,73,15,27,,69,73,88,10,29,37,,,,,,,99,74,,13,70,,71,55,,55,,47,39,,,46,,85,39,,66,,,,78,8,,,7,39,99,,35,,,90,,,86,99,8,,7,59,89,66,99,28,15,,93,99,,69,47,,26,75,,37,88,17,,,85,,,30,,82,,36,,26,39,,51,27,,,,30,17,46,,,,,,,,9,,5,81,,52,,17,,
,31,56,98,,,,,,,5,37,99,,,,,29,78,,2,,24,,,77,,82,91,59,,,,50,80,,51,18,23,,,,20,23,70,,,6,,,71,11,32,92,61,77,,,22,90,,66,77,,22,12,66,,60,42,99,75,28,,94,32,55,,63,,,98,8,,97,,,57,,,81,,59,10,,42,75,54,6,,15,,69,16,,,76,26,8,,57,38,7,53,45,73,,13,28,,,92,,21,,74,,,14,48,,,81,,,,54,62,,,,44,,,,69,,10,60,,7,61,,,94,41,18,,72,,,,,,,,10,,,75,,,,,3,89,,,44,,64,,33,,,,,0,21,63,77,,54,,,99,,,19,94
,14,,67,,,,43,,13,77,,,,9,34,,,,8,36,,14,65,,59,33,0,96,,77,,60,25,,41,98,74,,90,97,,,,,79,,,,,,,,70,39,,51,60,74,78,,12,,16,41,,37,,27,,29,24,43,,,25,16,31,51,,22,19,,,,14,,64,0,47,,,,48,,21,,54,,50,27,,46,,,24,31,,,70,,,,3,,65,61,18,,,6,,36,,,,45,,,,,11,8,,,,,40,,,64,,77,,,85,,84,,49,,72,44,12,,,93,,,,5,,,,,17,33,23,33,64,,74,81,74,,76,,,,94,80,43,,,89,,,94,61,30,,2,36,,7,70,,,28,
,53,82,88,5,,,,,40,14,23,,,,95,,,58,,51,98,24,,7,,5,,,,26,17,,,,,99,,,39,,,,84,10,55,,,,79,,19,74,,65,,95,64,78,,8,,,31,18,,,21,,,84,31,,,16,69,14,49,37,,87,,,,64,,,36,75,,68,,30,,,,,,,,,8,38,2,1,,13,,86,,,,99,24,,13,31,,,,79,80,,53,,3,96,84,,52,59,,27,,33,,21,,85,17,,84,,92,,,,,31,7,,,,41,,80,,10,,,33,53,,,79,50,52,55,94,,,82,25,,,,61,65,,12,88,,28,93,,,,,58,67,,,46,,,,,,,
11,71,,92,7,67,,45,,13,,,,,,17,31,,71,,,32,,,,,,,25,,37,,,,51,14,66,38,,,94,1,,,14,,,51,,10,42,,97,,,,88,28,15,,14,,37,20,55,70,,,83,19,68,45,78,13,27,33,64,27,,,46,,36,,42,2,38,97,,,36,27,63,,91,,5,65,63,36,79,52,55,,49,61,5,10,3,,,88,,,28,35,49,,,80,68,,,24,0,49,21,,23,,88,,,68,,,33,,,,98,,,,81,43,0,,,,79,72,48,82,2,34,65,,,11,50,29,57,,,59,,9,74,,74,93,,,,28,,35,14,,,,,,,25,,,88,54,66,,81,,,5,43,,63,52
73,81,,,,,56,,9,,,,12,,43,77,,10,,96,,,47,,,,,29,3,,,,23,,97,29,,,,,35,55,32,,39,12,,82,29,,,87,68,11,,,92,56,38,,68,95,17,,,,,,,34,,69,18,69,,,,36,,10,68,7,54,33,,,26,,,,97,77,,,51,,,22,39,,28,67,88,0,,,16,,,,13,40,79,,,,,,,7,83,,18,13,32,3,58,13,40,,,84,,42,,,2,80,42,,72,,,13,,,,81,,,67,62,35,,19,14,,94,64,23,,69,42,,,31,,,19,70,63,21,,48,,38,87,,53,,,79,,11,80,14,,,,,85,94,49,36,,86,,34,43,
,25,,5,17,33,,97,,,83,,82,,,,9,,19,11,,,,,94,,18,47,,,,23,38,,,,90,,74,46,,51,80,,80,,,,,,,38,,,,40,,16,47,13,,24,,,,,6,,40,19,70,53,94,79,,17,,42,,46,79,,62,45,6,,,,,93,,54,,17,,,21,,12,31,38,12,,46,,,,56,82,80,,,15,,74,4,,,84,74,,88,,,77,5,,49,,,42,10,22,32,,31,35,11,,,,99,50,,,,,,66,,,,85,84,82,,,82,,,,,40,46,1,,,,,34,10,,90,,,52,,,,,,,94,,,50,55,64,40,38,40,42,,83,,97,,72,9,76
,45,,1,54,10,,,,,77,95,,,,,56,,,,71,,,55,78,,,,64,,,0,,,36,,30,,,6,,40,,,11,72,,,5,,29,,78,79,,,,,63,56,63,,81,83,,,49,81,81,93,34,,,,18,,,95,27,,,,98,59,,51,62,36,36,,19,65,,,,,,,,46,,,,,,69,73,45,48,1,89,,14,30,73,77,29,57,,74,,,16,,,,,,,,,9,,,98,,54,,,,66,88,97,,93,,,40,22,,80,,,,,57,26,,,,,,,31,,,,35,5,45,97,,87,,64,,45,72,69,,45,96,,,32,79,33,,67,3,91,,82,28,27,,89,,,
,31,,,,83,,,11,80,,,,,85,,10,29,77,,86,,93,,,,13,,,,,,21,30,,73,79,,,,98,81,,97,,,,0,58,27,78,,,29,75,,,,25,40,,40,,,,23,,35,,36,1,,94,,52,,,,,49,,,,17,,,72,,88,12,,76,78,,,,74,,,,,,,,,,,57,40,,87,,,,,8,,,13,7,,,,,42,70,,55,88,,,12,26,86,,,96,,28,,,,,,37,31,93,,,,,,,96,65,,,32,,30,,,,,4,,,,,18,,74,,,,96,,,43,,,,88,,66,81,31,,,,12,,,31,97,13,12,38,,
99,,28,,79,,,77,,,,83,,,13,67,,84,,,,,72,,,,67,81,,18,,7,3,,63,,24,,,,,42,30,,56,,,78,,90,,,57,84,8,,89,83,,50,,,,82,,,62,,67,,81,,,29,6,,,93,,46,22,,16,,13,,50,,,,41,,46,11,,,51,,,,,48,,26,,,,56,,,88,,,41,,90,31,,,90,,92,,25,6,,57,92,91,,79,49,,,,97,,,88,56,,88,,,8,46,,59,53,,,69,,,,42,,,,15,,9,,50,,,,,19,,6,,,5,,,79,33,,,92,93,34,,,,,48,,,,17,,78,35,84,14,85,,22
35,,67,62,,36,88,58,,,90,,88,6,19,,,,70,23,,56,,,25,69,68,,15,45,7,,,,,57,,6,22,,,,33,,,,,46,,51,93,50,56,,19,34,,,,77,70,,,32,83,,61,27,,,,,,,7,,35,,87,,,,,,28,,,,13,,11,,70,,,25,17,,17,,38,,,28,,,2,77,13,,,61,12,,83,,,42,,,27,,59,,90,35,91,,95,,75,,,94,33,30,,52,,,64,52,88,,66,76,60,71,27,,,31,,,12,27,57,52,0,61,,,,,38,,71,,68,,,,,25,,95,,34,,10,,,50,24,44,39,,,42,,,80,,,94,,,,85,76
,,78,,,16,,,,,94,,,,26,37,,,,30,,,15,24,,98,61,33,25,,5,,,,,,41,,,67,7,93,,43,,11,,12,,,,,2,40,99,44,12,80,72,51,22,74,17,,,83,,,,,19,,,,,,,,,41,4,34,,,74,,,,52,65,,53,,67,51,55,,40,,82,55,,,37,59,7,0,,61,,49,,94,,,86,75,,56,,95,,2,94,70,,69,,15,,18,10,45,,41,86,,14,41,,,,24,,,,67,10,,,28,,,28,64,92,,85,,7,,25,71,31,,43,,40,,95,,51,29,2,,63,,,,,,,,7,,92,2,,41,,39,,4,6,,6,,8,,
11,,30,,81,,22,,,29,64,,4,,,,88,,,,,91,10,97,,82,,,37,74,77,,,,88,55,,,,26,98,27,,25,,19,63,,,,,52,,4,86,,9,84,14,99,,,70,6,89,,84,15,64,,51,,23,83,,,,95,6,79,42,98,,,34,2,,27,99,,,,,48,47,,,,,81,,74,,,,31,,,,27,9,75,,73,,,30,,5,13,,95,82,,32,65,,,43,,83,0,26,,,66,,,,,64,51,79,35,53,71,,,26,,56,40,,37,94,,,,,,8,,,26,19,79,45,61,31,70,1,28,15,,43,,51,,,,,,82,,42,,,46,,,,,39,37,,,,88,,66
,,91,,,9,71,25,50,,22,,,80,60,26,90,,,,14,79,,37,,70,,,,,90,36,,,,26,,,38,,85,,91,,,,,74,54,,,69,65,,,24,,,9,,4,,,,,55,86,56,92,,65,,15,,30,,41,36,82,5,63,68,,,,7,,59,4,,72,,,,44,,88,38,73,4,,87,62,,,11,,,13,82,,55,38,84,47,,46,36,,24,,5,20,32,9,77,8,,,59,84,,70,,,99,93,74,,79,8,28,,,81,,,,77,14,,16,,66,91,26,,,,55,,,,,,,,,,25,94,,66,5,77,16,,,7,,,,74,,49,97,,50,41,95,,,61,,80,,,,,
93,55,,0,57,,,67,89,,12,,,48,,25,,77,43,18,,,,3,52,,,,,85,72,39,,60,,,,2,,84,27,75,29,,,60,,,,19,,,17,,35,50,,80,21,64,,,93,,77,51,82,,,,55,28,,16,,52,,,89,0,5,45,,55,69,,,,,,,12,85,77,,,,,20,54,49,,,75,77,,22,91,89,88,73,,6,59,51,56,,68,,47,,18,4,97,,,81,87,81,19,,82,52,7,11,6,98,,32,,55,1,,,65,,,26,28,,,95,74,,82,11,70,,,,51,,,,,66,95,,,,69,,54,3,35,,55,,,,15,46,,,55,65,64,7,,,,42,19,69,23,75,,,78,94
,77,91,,83,99,62,,,56,54,6,,23,,8,11,49,,,,,3,,35,,,29,,,20,,66,5,23,,86,7,7,,,,68,21,,16,,8,4,49,5,,69,,,,,32,85,,,,83,36,,65,,,,11,,,,,58,27,,46,21,63,,43,54,,97,,,,66,79,17,,,,50,,,98,48,80,,,,22,87,59,22,79,,80,,3,55,,12,6,4,48,36,96,68,,19,,,88,46,66,41,,,15,38,,81,,89,,,,55,8,97,36,,56,,25,,,,,53,96,,,,62,0,23,,30,,,73,,23,58,,6,64,,60,32,24,96,18,,,10,34,,86,40,23,,18,,27,17,9,9,,36,,93,,7,,
0,,40,90,,,,36,16,88,,96,14,,44,,,,,67,,65,,,2,,,,,5,84,,,,81,,,32,67,,60,,,,99,,77,,45,,,54,,,,,47,,,20,1,,,59,,,,62,31,,69,94,,60,,83,20,,,,15,24,37,96,,26,52,34,,,68,,,,,33,25,,42,52,18,,38,50,,3,55,74,,,45,1,42,,87,30,,97,61,84,60,,,6,,,59,,27,,,,,,,24,,,,68,47,57,88,48,,,71,70,67,23,,,,,,,40,,,,,2,,17,,2,74,74,,70,13,50,,90,23,,,51,40,69,,,35,,34,,74,,89,,56,16,44,56,,,,25,,
40,,32,,67,29,53,19,,17,89,73,23,35,97,13,,90,67,,,53,62,,94,59,,,61,,48,36,66,,42,84,,56,74,62,0,,57,5,,,,62,,,53,85,,84,92,70,85,94,,,72,34,77,34,61,11,76,,30,,65,,,65,,,,,28,1,83,58,,,33,93,6,,19,67,48,26,43,60,,,68,,,48,47,,24,,84,1,,,,,,,98,,93,9,,14,,,,,33,66,2,18,74,95,91,,56,83,,9,,,29,,18,,,30,,59,,,14,79,60,80,77,,,,,,,,,,,64,,52,,,98,95,14,,39,95,,,33,96,9,,4,,22,90,27,,29,,44,24,15,,68,43,,47,,,80,,56,54
74,22,,,1,,85,,,,73,31,58,,,,11,79,,67,12,56,1,37,86,8,85,59,,,,,,68,,,,,,86,11,3,70,,,,,,71,38,60,,,,44,,38,,,,,,68,82,70,60,51,,,,22,,,,,70,52,85,59,5,31,,,58,86,45,,,55,91,,51,43,7,,,,,85,4,,68,,6,52,,,3,3,67,,2,,68,34,,,86,87,,72,,,,42,,27,9,,,9,,7,90,,,,,,,,30,,70,92,55,3,26,23,79,30,,,,70,,3,,50,38,1,68,,78,98,,11,23,,,,,53,,,,86,,41,,39,,75,,64,87,13,,37,11,75,,43,,77,,,,,69
50,,,,23,,32,52,,,40,,,31,,,0,58,55,,,4,41,,89,,32,89,,,,16,,,27,95,55,11,,,47,,85,14,93,14,21,89,75,91,,,,,99,13,,25,,,,,,1,,,,,57,,,72,,27,,,,64,,,,34,,,,,69,,,,0,36,31,51,,,82,22,,,10,,,5,46,,,,,9,17,18,33,98,,52,91,18,24,,,53,42,87,20,2,,,43,,,72,24,,91,56,,5,,82,19,,,25,,,57,72,38,,,,95,,,,75,90,,,54,,,25,21,,99,,,,32,,,,,63,,,,73,24,22,5,,96,3,78,,,,54,,53,4,,,,38,36,
80,,,,,51,96,,,47,31,,,19,,,77,68,11,92,,43,34,34,,68,29,,76,,,,86,,,,33,6,10,26,92,,,,,,,62,26,,,33,55,19,,13,,,79,,,23,88,67,,19,91,13,,99,,,,77,,29,,10,,,91,92,,92,,74,,,28,,,51,17,,,,,75,,35,82,82,0,,,,63,,,,19,,,,81,,17,78,7,50,59,,,25,,10,57,72,62,90,,63,23,,15,,,,,5,64,24,,30,15,,,32,80,23,30,45,8,,,17,51,,,30,53,,,,,,,10,,25,,6,,,35,,,6,41,48,51,,89,,,1,85,76,,13,,71,70,41,,,,,20,42
79,89,65,,,44,,60,,41,23,84,,,73,67,,,40,45,16,38,,39,,,22,59,,,,,45,83,56,,,,,94,,96,25,82,,76,,10,,49,29,,47,73,17,75,,89,,,22,6,96,20,61,23,,,25,98,,36,84,81,92,53,,,,29,52,,,28,71,,38,55,,,,,,,,16,3,,,,,2,,91,16,97,92,54,44,,60,,,67,31,,,,81,,,81,,37,5,,,,2,17,59,12,,,,,,96,70,51,37,91,3,7,,35,57,11,,42,,,,,,,,51,96,7,,,0,86,,,,,58,,61,,94,38,28,,54,67,89,,28,59,,,,33,,,,,62,,34,80,21,,98,77,,
,,,50,64,,,70,,,3,87,,1,,24,98,10,84,96,55,41,,,91,,,,61,,,,77,28,,,,18,,50,,64,,87,,62,,,61,72,49,70,,,,50,83,,60,98,,46,31,,63,,88,,,14,,48,,,33,,59,22,,44,87,32,,19,60,,69,3,34,,,,28,,,10,,,91,54,,42,,65,,65,19,,76,42,,20,89,16,96,,,20,,,,,37,43,,10,,,,,15,21,38,,54,92,20,,22,74,86,,,56,39,5,24,,,23,16,,,,,65,26,24,66,,,9,68,,,61,50,,,,27,92,5,,,54,12,81,,,,,,70,,,,,,88,,97,,32,65,68,79,,,
,44,,,,,63,51,97,,,21,96,27,,57,,,,24,4,,,,,89,13,,79,45,8,53,,,15,,,,,,9,,85,,,,,,4,31,54,,,,85,52,80,44,,37,85,52,44,,,8,,,53,70,,29,,16,,62,,56,,0,43,81,17,,1,,,,,,,,,,44,18,,,1,42,93,8,81,82,78,,2,57,43,21,,,,35,,81,,,60,,,95,,,,,,,,49,57,60,,,,,81,56,89,,38,,21,28,,48,87,48,67,,,,63,30,,,93,,,,55,4,48,36,78,,,,23,,75,,,82,,,,77,,,,42,38,29,63,,92,,34,,44,46,43,98,,75,67,16,,74
,,,44,60,,5,24,,77,69,,39,,,12,98,,,91,,,43,81,12,43,74,56,54,76,,,,14,94,14,,52,51,,80,7,,34,1,,52,,23,,35,,,,87,20,20,,59,,38,35,33,96,,,37,,,81,,66,,49,,20,64,76,29,72,27,45,,,,41,64,1,51,,,,0,,,28,57,99,,,93,,28,,31,,37,74,48,,,50,60,56,58,,79,,,10,35,51,92,,,,,50,39,,,,82,,25,45,52,30,,,29,85,,,93,98,,,,,,24,,,,,41,,13,76,9,,,,43,59,,,28,2,,,58,81,79,,,74,90,,27,18,,,8,17,,,,,,83,61,,,39,98,,29,95
46,58,,,19,,6,17,3,59,44,55,71,21,62,95,28,50,,46,,21,23,,,86,,,,,17,,,,30,10,,90,60,,57,56,59,,,80,,,34,88,5,97,88,89,,44,24,,35,,,67,,,,15,96,12,52,,13,,47,79,,4,30,,,,,47,17,,96,,,19,73,,15,72,51,58,,73,,34,,76,41,73,60,,10,,85,,22,31,5,,7,64,39,,72,,50,,46,90,58,52,30,11,,35,95,,,58,,19,64,,,,95,52,3,,55,99,76,77,91,22,,35,,74,9,77,10,97,,,,92,,29,,4,,,50,16,,,,28,8,97,13,,57,,92,,,74,88,21,13,12,31,,0,52,57,91,7,78,,64,,70,,35
,63,82,72,,26,0,14,39,,41,,,,,41,73,23,,84,,8,,16,50,83,15,62,,,,85,,75,,,,,,13,,81,,57,78,,41,58,24,1,,,,52,,,,,,,,11,1,53,84,72,86,8,,,,26,,,,1,33,,12,,71,37,,,17,,,,,91,3,75,,56,30,78,53,50,,85,,,,,39,,24,6,,,,,27,,,,65,44,93,36,37,,26,,,69,58,76,,42,82,61,,27,,,25,18,55,,57,29,,47,32,,,,,48,14,6,,29,54,,,65,,45,,,,69,,86,,68,,,20,17,,13,14,,70,,84,,17,91,,44,,,84,87,5,,81,31,,40,,78,,,,
56,13,,49,90,47,,,83,9,,52,33,25,,,5,31,,,54,87,,,,0,,86,11,67,,18,,43,,,92,,,,,62,,,,,82,68,49,,,79,67,,99,,,57,68,,78,,87,24,,,,,82,,51,,,75,80,45,82,97,69,,7,,31,,,,,61,21,39,15,34,22,6,95,,0,21,,8,55,75,99,69,,88,45,,,,63,,57,,77,96,96,12,97,37,,,83,60,38,,,,,,33,,,,7,79,,33,39,53,,24,95,61,61,59,,27,,,99,77,94,94,,,28,,16,,33,31,4,,,54,17,43,84,,,21,75,14,67,3,48,31,73,59,46,11,85,,,,,73,,,37,14,48,,38,29,,,14,
,,43,,79,,,,,,,,57,,23,31,,30,43,56,12,,51,54,,,,20,7,15,,,59,67,9,,,36,,,30,81,25,,,,,77,,,,,,99,,,92,,45,49,,,41,54,,65,,47,97,,,,,71,,,,15,,,,67,,,,43,54,,,24,83,84,13,,95,,5,,,,50,,38,83,11,4,84,74,,99,74,60,,81,2,33,,,35,,,,19,,,,42,63,,,91,,,,64,,,4,,,,39,89,26,27,3,83,5,29,62,,,69,14,69,89,17,,29,,,42,67,,95,46,37,,12,77,,15,,,,,,14,49,,,,89,,94,51,,45,79,3,,75,,55,17,,,28,,14
,59,,,87,,75,,99,33,,,,,,,61,36,,,,,53,,78,,,,,73,,,,18,,56,45,,,7,49,47,18,,,,11,78,,,48,28,,,52,,89,82,,,83,,,32,,54,94,11,,,,,,50,23,12,36,,19,,86,,,38,37,72,29,47,2,28,,,,35,,,,59,56,,,,,,,71,,74,,4,,73,58,62,,24,73,58,,,,65,,,88,,,,41,50,14,60,,,38,65,,,23,,31,95,10,59,8,40,98,64,86,9,,,36,91,,0,10,,4,1,,,9,,89,89,,69,,,31,,40,65,,,26,39,45,,39,,,,79,,,16,31,,,,47,57,,55,24,,30,
59,,71,55,,17,38,36,,11,,,,62,91,3,76,,39,,63,,51,29,16,,,1,59,32,15,29,,,,,78,,,83,,12,84,78,,,43,,,,4,,69,,19,,36,85,84,24,,,32,1,23,,,,68,,,58,20,16,,33,,79,,69,,,,3,23,,,,65,,14,40,98,,49,33,0,,,,46,,16,42,,75,83,69,26,68,,60,15,49,94,77,,,22,37,,,,41,50,,60,20,,,83,,66,,,44,,21,,,,65,72,1,43,89,,,17,,,31,,,,8,4,,40,74,,,70,17,,56,59,,67,,6,,,,,,82,,64,,51,,,,,,,26,,,,26,,,,,77,,49,13
,,,,,,98,,36,,,,,96,,,,,,66,,,,,51,50,,3,,85,,16,61,,,,96,0,85,24,,36,54,33,17,,,54,26,,85,,,,77,55,47,47,,,39,,1,,94,,77,87,30,90,1,70,98,37,,,89,,,,,81,71,16,,28,,,19,21,84,58,34,,59,72,,49,,82,67,,7,,,56,73,29,16,56,,47,8,,,,,,,3,,70,,83,,,22,,,85,6,5,18,61,42,88,,,,1,,,97,,54,16,56,24,44,,6,3,,,,88,,57,54,,5,62,,29,,19,4,47,49,6,28,37,,,,,8,,,,0,72,79,52,,80,20,,69,,,11,,,69,,,41,,7
51,73,47,,71,79,,,92,51,,84,27,,8,69,29,82,86,,50,44,,7,43,,44,84,46,,40,66,89,,35,,,42,,,,,,,21,,70,,,58,64,,72,84,28,,56,,26,,69,81,,,,,,75,,,,3,15,,,89,,,,86,,,46,69,,,,45,9,,,,,42,,39,,74,,,66,12,81,41,,42,20,80,71,59,,,,30,92,13,41,,31,59,37,14,,15,0,,63,82,20,,84,17,,,80,59,67,,66,97,52,,74,,79,,26,,,,58,92,88,,72,,,,,1,,,,61,,43,78,76,,,,,,,34,92,80,,88,53,51,,,14,6,,,17,,1,19,,,83,88,76,84,,,27
97,,,59,71,97,,,33,,,,,,87,,,32,,9,,3,,,45,,78,,26,27,,8,,57,68,82,,,47,,63,,,,48,46,,64,,,37,97,94,,36,62,37,61,,,,83,,82,,,26,78,,,48,2,,52,,28,91,98,68,,61,15,,58,,,15,22,,,18,69,86,7,,,,,35,,98,95,85,14,,,28,,,,73,12,99,32,44,,,26,58,47,71,,,47,,83,10,82,6,,,81,30,17,,,23,83,,,59,,39,,87,,,,93,2,,,51,,96,93,11,98,,,,87,,,,4,53,,,24,,,,,92,16,,94,,27,94,39,8,23,,8,,93,,45,,,,,36,,41,77,89,
,49,,98,52,,75,66,42,12,,,,,66,29,43,68,63,,18,86,30,5,24,65,,,96,,,,,,69,,42,,,,79,24,31,,30,,35,,,,,,22,99,,,67,,,8,7,,44,82,,,1,70,47,,81,81,,,,,89,87,,85,,79,,,11,,,,96,39,,7,60,59,,,98,,,,5,,,40,58,,,,,65,,47,,18,,,,39,88,,12,20,,,,13,,,,,,43,,47,,33,82,,37,,23,,10,24,,57,79,,48,83,,40,,82,,23,,,,,,,82,,6,,67,7,,,,16,57,,,38,,57,,8,,8,,98,,,,37,,11,,,90,22,7,53,66,24,,64
94,75,,,,32,,17,64,,6,,77,42,,80,,69,52,23,,,,20,27,84,1,56,14,3,25,,25,20,8,33,0,79,53,,84,,69,,12,35,78,,,,44,,26,96,,94,,,99,65,,66,,,64,80,,,,,,,,,91,,74,,,,59,,,79,45,60,69,56,47,59,,,84,,75,,91,,,82,49,,,44,98,,39,51,83,71,,,53,,,,,,58,,55,,,98,45,,,67,96,,,96,,51,48,,,16,87,84,,99,,,,,,,,,58,73,,,,,,35,51,58,12,,,,,74,,,96,,40,,,,,32,,,20,,,91,,,,,50,30,48,32,,,,70,,87,,47,,57
,,,,37,83,,87,,,44,28,,,,33,,,,,,65,,45,,88,91,,,,,69,,,14,,79,73,99,0,87,,,,5,40,9,,,,,68,48,61,,,,39,,44,76,,,2,70,,,,,12,,10,,10,61,,74,0,,93,88,,,,,39,51,68,,46,36,,,,,51,35,,,76,5,58,,,16,,,88,,,,35,,,,,,,,81,49,95,92,,,,,34,29,45,66,42,,93,82,82,22,47,,,31,24,,16,80,,,,86,35,,22,,,26,,,4,,,,55,,,,,,17,,,,5,62,66,,,5,,,36,12,1,88,,,,58,72,43,25,64,34,,47,97,,,68,,36
,22,,,94,64,,,,,,29,7,,,91,82,,,40,35,51,,22,,,24,,,,,2,16,,74,,95,48,61,96,83,7,50,44,,,,29,6,22,,,62,81,66,31,,17,35,,38,19,85,27,,96,,40,,99,53,23,,,,,64,37,39,68,30,38,94,,,97,,,,,,,25,88,,38,6,29,,38,41,61,19,,32,66,55,2,87,,,77,,,74,,,,44,,,42,,,29,,,,,,31,,,,,,5,,42,63,96,,10,41,,4,66,12,,19,61,,0,,0,,1,,64,,,,4,13,40,,,3,,19,,,16,,,93,,32,92,65,74,12,,74,76,,,,5,,,,,,23,20,,,24,
,,,,56,,73,23,61,,32,,,69,20,,,,43,,39,91,23,70,90,99,,,,99,50,,,,,84,42,15,,3,22,9,,,,5,,83,,,,16,,,83,,,96,,,,21,41,80,21,,36,,48,41,,14,,,86,79,38,44,79,,,,,,70,,48,52,,,,,,,70,,4,45,55,57,,51,25,,0,31,9,58,48,48,89,,,92,,79,,35,,,,69,,,51,,27,,,50,,,,21,21,,,95,6,,68,,2,41,,,,,,,5,89,41,63,,,,63,52,,,33,,72,62,64,,,36,,18,,,45,95,,,,,3,,35,23,,14,11,77,,90,21,54,,29,55,,2,93,58,,8
,,34,74,26,,56,80,,,5,,,,,52,21,43,81,,29,,17,,,,,41,58,17,92,,,,37,40,88,69,,98,,16,64,,,,,2,98,,,,,94,,,24,,88,75,,,,,63,87,8,1,,,,85,,67,54,68,,,83,,96,,14,,53,,,97,,,,47,,2,90,23,,31,,,,,,,24,66,,67,,,26,,,,77,99,35,,,,66,,13,35,36,,51,74,,,,,93,,,,66,52,,19,,83,,48,,22,,11,,,95,30,16,,,57,7,,43,,12,50,,70,,,,44,,,97,90,96,,71,,84,79,83,,,66,65,,78,,,,59,,,,,,,8,,88,40,
,18,,19,,81,,19,8,,,,58,,,61,87,,,,36,,40,,86,47,61,,33,26,,79,95,,,,98,,67,58,,35,3,75,46,55,35,,51,,79,55,,98,45,38,,55,20,,41,,34,,29,74,65,,,91,,,47,29,,,,,,1,,,,,,96,,74,,,11,,3,,,,,80,,36,,,,,,,81,88,94,94,27,,73,,,52,,,,46,8,1,,44,2,51,,30,62,66,91,67,,62,48,,,,,,,,88,,92,79,,,,,,14,,,,,11,28,,,93,,57,,,,,,,,,36,46,52,65,44,,75,,,86,,53,,,76,82,20,53,1,71,,,,26,84,,56,,50
,71,,57,63,,96,,70,,6,64,62,,,60,,66,,50,9,64,48,,,76,20,,80,73,82,,74,,,,,,20,,,,51,42,7,97,80,,,,72,1,4,,,58,2,8,63,20,80,,,,34,,57,22,,7,,1,75,,29,,97,98,60,,,42,61,,48,,,90,,5,,72,67,,81,,,,18,92,,,87,,,21,,,,34,,48,5,,5,75,52,,,10,27,15,,36,34,6,,30,97,,,,26,,,,,,,14,81,5,20,61,,,,,,,,10,,18,61,,10,,,,,60,,,68,21,,60,42,,,,,,95,,69,,,,,,60,,88,,14,,10,,,,,,,64,19,,,
78,29,,47,69,,72,,97,21,,,,,,37,,,34,70,91,,38,,,,51,,54,51,19,,,,,64,94,98,59,86,,,,90,,67,43,61,,,,,86,,99,25,,,76,80,,41,59,19,,42,,,,,,,55,45,97,85,,11,16,,,21,57,17,27,,82,11,,82,,,,,20,,85,,,,,,28,99,57,95,,45,,44,,,,97,,,51,83,37,52,24,,,,,39,,12,,14,,,,,,,,,72,62,,38,,,,42,6,17,29,95,,71,,,36,,,16,,,,,,,41,74,,,17,,,,71,,,43,,,39,14,72,,90,,29,62,19,,58,,,,6,,,,81,37,,
,,26,,,,54,,,56,8,11,56,,70,26,74,42,93,15,5,50,30,,,,36,,79,62,,78,,21,8,28,91,,19,53,77,80,61,44,,,10,,,43,,,,22,,16,,23,,63,97,,97,,,,19,46,98,,,,,,5,42,,,11,,,,27,70,,33,,,58,,,6,26,,,,,97,60,38,,62,71,,81,,5,49,84,1,,4,,68,,83,82,84,30,,,,19,52,41,,1,98,,89,,,,,54,,23,,1,,,15,62,,77,96,,,,,14,67,,66,,25,,,,,92,,7,,,,69,,,17,,63,51,50,,25,2,82,46,,,64,,,,,16,99,65,14,,84,57,41,,,97,82,,
,,,,,38,,,57,85,72,,41,,15,,,,35,,,,33,,30,83,21,,,57,,30,,,,,,,,99,,41,95,,,74,,,32,,49,77,49,,,65,,,,15,85,78,,95,,52,69,72,96,,35,,,,87,86,,88,8,,54,,42,29,,,,41,41,0,,,,,,,,48,,,45,86,,3,,18,,,4,,67,69,28,,42,45,56,,,24,,67,45,,,41,30,,69,,82,29,48,,,97,71,,,,,96,,,,,,,64,57,,,56,,55,21,25,76,79,,24,,78,18,40,,84,,16,9,,,,,58,,15,13,,,15,,4,87,,92,56,,97,5,,60,,,15,79,62,,,49
32,,1,,6,87,76,,44,78,51,,,6,,30,,,18,64,98,60,,66,33,10,,,,,96,16,,79,34,88,48,,,48,36,95,50,47,56,,,57,19,,26,,,25,,86,,73,,,,,26,,9,43,47,14,,10,,,,27,,,,11,48,72,,,32,56,80,50,45,65,,79,,,19,36,74,37,89,,29,,92,,50,98,,97,,,97,,51,50,,,78,32,,94,,75,,46,28,,,,,59,47,41,29,8,82,87,,,,85,,43,,,23,66,,60,,36,,49,,,,,,,,,63,,40,,1,69,,,,40,34,,67,,,50,80,,,92,,65,,,0,74,,5,,83,47,32,,17,,38,,44,,19,7,49
,44,54,,,,,,,63,65,10,66,75,21,24,,91,16,,43,,,29,7,86,96,89,,30,,36,76,,,,15,20,,86,,12,,25,,87,,,,85,46,,,,,,59,27,,,26,,,,,,73,,50,,,,,89,,,99,56,,,,,8,51,,,,,40,,68,,96,59,,,7,7,81,59,,,,,,,27,97,,48,41,,,85,96,5,98,79,23,55,,,,,35,17,94,41,,,,11,15,,50,,93,,61,8,60,92,58,,,,,74,67,87,,,97,41,31,,,92,,82,,20,,,,83,38,25,54,60,22,16,75,54,6,,,20,94,35,96,,35,85,24,,,16,55,,,70,18,,36,58,,,,7
,54,,94,,,,,,46,,24,,58,84,,,,,,71,,,,45,,,,,68,17,,,,,36,96,,51,36,,,,14,52,65,,,,,80,,,,,30,60,3,,,,,95,89,,36,,,56,,7,,,69,,87,,39,,40,87,31,27,91,10,,,,52,,,,,,,44,89,9,33,83,,78,,,,80,51,,,,,,77,53,19,62,,95,92,,26,44,,91,,,,,,6,,,,9,,9,,,36,39,,88,,11,77,92,,,84,82,,16,,,96,1,34,,42,29,,14,,,,65,,78,21,23,,0,,,,96,,1,,65,14,,41,66,,,22,,,79,,,18,85,,,,31,15,
21,91,,15,49,,,30,95,,,,2,,52,,,,,29,,79,86,17,96,17,14,,,,,50,91,66,,,54,28,40,94,97,,,27,15,,,54,,35,30,,18,,,,56,,,,67,,9,,,63,10,,,55,,,52,,54,2,,,,24,,,,,40,,,,,58,,12,,,,,91,,99,97,30,24,,79,,,18,,,,,44,33,,27,,,,5,,,,,,,33,61,,,99,86,,,,75,78,59,18,46,79,94,82,,,42,64,,,,13,,,,,,,30,,,,,73,,34,,68,,33,,,26,,,56,68,,,,,54,,32,,76,,,,,79,41,,77,24,,,67,,,88,
,,,,,,,7,17,,78,,88,92,82,,18,,1,10,,95,97,69,12,83,17,,,30,59,9,,19,,92,59,0,46,61,19,,94,,,77,,,,,,83,,,,53,70,34,,75,,,,63,,51,54,,57,,8,,75,85,,13,,68,,,46,,,26,10,10,41,,,77,0,,,,,54,,,,,,31,,,,29,94,54,38,19,27,76,,36,,,,15,,,,16,7,69,,,,,,,,,50,,29,62,,,80,64,80,,,6,,8,,31,80,11,26,22,22,0,,99,,1,,,,16,28,64,,,73,12,,,,90,,53,7,,,,,,,63,,24,,73,,8,,,69,41,,47,4,,65,81,44,
14,,,,,91,68,,,,,,,,,33,4,,78,17,24,,,90,69,31,,,74,,,98,13,70,,38,51,96,9,,55,1,20,25,81,,1,91,,81,96,56,25,,53,,,,,,,,,56,,48,,56,,,,50,,,93,,,62,,,85,,74,64,,,13,,,8,73,62,89,89,,47,35,,78,15,9,,,,27,,,94,98,99,,,63,53,59,,76,,77,,,,,58,,46,,88,,,,40,56,,,31,63,,,,,10,52,40,76,44,47,39,42,,,66,,55,75,34,,17,41,48,,,97,,60,,68,48,46,,38,6,75,17,,,9,97,21,21,,17,38,82,,54,,,,60,52,15,,,,75,,35,,
88,,6,,,8,46,69,71,,,14,57,25,54,78,87,91,11,,,,,,22,,,,52,79,,70,,,,99,,94,,,,34,,28,84,,17,,,71,,,,,44,9,,,,67,15,52,,,,35,45,44,,17,,72,,,5,,,38,,,,90,8,,,65,,93,88,22,62,,,92,61,15,,41,,41,29,10,28,94,,18,,,64,,42,75,70,,54,,2,80,12,87,7,11,98,,28,,,,77,,28,,,,,,28,43,97,52,82,10,,53,25,,,88,,73,,,1,,,55,,,14,93,28,81,,73,47,,36,73,16,,,,5,24,44,22,,,,,,,99,88,52,34,,,66,,,,,15,,,64,28,,
48,2,,,77,,18,,,,,66,5,,34,85,,,,32,8,42,59,89,,9,,,48,84,18,51,,96,,42,,,92,,,57,,12,,85,96,34,,,95,,,74,2,45,98,,,15,89,,23,65,68,4,49,,,69,,,1,63,56,43,,,3,,37,14,29,,87,75,,52,97,,,,76,26,,47,,12,51,70,82,,,48,73,,,99,88,,,,82,,,,,94,70,,34,52,81,35,,,80,28,28,,,32,,7,,,1,,,63,,,80,32,36,28,,,,,41,,,12,,,1,27,,,70,,,,,,45,76,,72,84,,,,,,45,85,64,59,56,60,30,97,16,12,,88,72,,83,,,14,66,,,59,,42
,,,14,,,,,,39,1,75,38,60,,,,,,,,12,,,,87,4,19,,33,,61,49,95,16,70,96,97,64,24,55,,,79,,,,83,,,,19,,92,52,95,,7,,30,,,,99,23,,,,,,,,,,,,,,45,,81,,,,,,41,88,,,28,,,,25,26,37,,10,,,57,,,25,61,,,45,77,,14,94,23,,,,98,31,82,,33,12,77,19,41,18,,,,,39,,,,,55,,8,17,60,,,15,24,82,23,,16,63,,21,54,97,61,,89,32,29,88,,65,4,50,,92,9,,,32,,,,,,96,29,,63,62,0,,,,73,,,,34,,22,,,,,,,,,
,80,82,,20,,,95,28,14,,11,76,,31,55,90,,,,21,95,,,,,,42,50,,,25,,67,37,28,,,2,,,,,22,,,,89,,72,76,,,,,57,91,95,87,93,34,34,,3,,,,13,,,47,,,52,58,,62,63,,,97,18,14,78,,,21,46,,,91,,76,62,,,,94,,,,34,,57,,,34,53,79,64,14,85,,20,87,1,,82,0,,,,,,96,59,,64,,69,52,21,92,24,,47,91,,48,16,51,,6,16,,,,,96,11,30,28,8,,,,,58,,,,,86,87,45,,,,,,,84,80,,15,11,84,,35,94,,4,,62,,,,,,,24,,14,,40,50,,54,28,64
,,22,96,,,,,,82,94,,,31,35,62,29,,,11,,93,81,,29,37,,48,,28,43,81,,,89,,53,92,61,64,2,,,25,,84,,65,,11,,79,,16,58,9,,55,17,,,50,4,,,57,74,15,,47,,,1,50,,,74,,2,,,69,65,,,,12,71,,11,97,49,6,,,,,51,,46,21,90,,,34,83,82,96,,49,93,,29,83,2,,36,42,74,,,85,,,,68,35,64,90,79,27,76,64,92,73,,,,27,,,,,2,72,,9,5,95,,64,,50,,,6,57,,,38,29,36,77,,99,,,99,,54,,,,,12,16,,,6,,27,,71,88,,,53,40,,8,38,,12,89,97,,,,82,9
,,0,42,,18,46,,,75,75,80,48,,,,,,,51,,,70,,68,,30,58,,77,,,97,15,26,,23,41,,,17,12,86,,,10,0,,,92,,,0,,42,,,,22,77,60,,2,,5,28,,,92,76,,,,26,34,,,,,,,20,25,,,13,,,,99,,27,,,,86,85,50,,,44,20,51,30,24,57,,,,28,85,,,,39,3,88,,,9,26,96,,2,,,,70,,,64,,,94,,,0,,73,,24,69,18,22,44,,38,,27,,,,,,,23,,43,98,,59,,,15,33,,21,21,30,31,32,,51,,67,48,,48,,,59,27,,,,,79,,,,,44,,,64,88,5,88,,44
23,,18,23,,,,,,51,99,39,36,,65,40,32,64,,,,,62,22,,63,24,36,79,,,2,,18,1,78,96,96,29,83,37,48,62,19,20,,44,62,50,,,,,10,29,15,34,,48,25,,22,95,,,,,5,,50,,59,22,39,87,,89,30,,,,,,79,50,49,94,,36,90,,,80,12,99,,30,12,,89,20,34,,,66,,89,3,,31,,,52,20,98,,,,21,93,11,,8,,72,,,,76,,23,0,,,,62,40,,76,73,34,54,,15,69,,53,95,,,61,74,,64,34,,19,88,,,,,,,,,88,62,,,74,,,66,,45,,,37,32,,23,97,,31,77,,36,,,19,,67,63,,15,70,,,89
59,,,73,,,,,36,,,,0,1,,,,89,94,,52,52,61,24,4,17,,5,,,99,15,39,13,82,95,,19,48,69,87,,,,,,67,5,40,,59,77,31,,3,,91,,38,,28,16,,32,98,52,36,39,20,,64,65,,,59,71,,58,,,,,,,62,,63,,62,67,,,,16,55,12,86,61,,94,50,56,,,54,,,58,44,31,33,36,26,,42,46,37,56,,,71,,21,34,,5,,29,,,,,4,,62,44,0,,63,28,3,80,44,,21,,,42,66,69,,,53,,,68,18,,47,,88,64,,,,,,34,,,,,,,7,,,55,79,,,14,51,65,16,,17,,,,,,83,,,89,33,,,73
,,,59,56,,1,98,,,,45,5,5,9,,40,2,66,,72,66,1,98,90,,43,,,7,,,98,90,,82,55,,51,63,,,,36,26,27,,90,,93,18,98,,,,,,,,,,73,30,,49,96,59,96,,,,,13,48,90,,,99,45,,96,,,,60,91,61,89,,,81,93,,,30,55,88,76,,,77,,60,,4,52,,,13,36,84,90,,,5,88,,,8,,34,,,,,49,,11,88,,80,23,41,95,,,27,37,,24,16,7,,,,97,,,89,85,47,97,,,,4,33,78,94,,,33,,45,,,61,,95,83,,59,,59,74,,72,,11,94,85,,,96,,35,86,52,,,,11,96,37,3,,27,,,20
,55,23,22,,40,15,24,64,,90,,,39,,,,,,,,16,91,,,,85,,98,52,37,63,,,43,53,88,28,,,62,,5,16,27,7,,,,,15,86,50,60,65,95,5,71,84,,,,19,54,88,60,,95,,23,70,,67,66,,70,42,39,38,,30,88,14,,66,63,38,29,,11,32,87,86,,,,93,,,,,54,,19,,,,17,,,20,49,,,,,78,87,24,,,14,,,,,38,,,,25,10,48,,60,46,,,79,,47,32,,44,33,,,77,,,,,33,,,50,,13,18,,22,28,62,,23,,80,8,11,86,62,,,78,,61,55,72,,,,7,,,,,,,,,,,,,,58,1,13,84,54
