0,4359
1,877
2,4444
3,1151
4,1962
5,5375
6,5572
7,4456
8,2966
9,5504
10,546
11,435
12,5010
13,1199
14,339
15,3538
16,1178
17,2057
18,1147
19,4075
20,2260
21,5426
22,4481
23,3043
24,2845
25,2539
26,3636
27,3097
28,1714
29,5776
30,3435
31,237
32,1387
33,4402
34,2937
35,459
36,3761
37,716
38,2271
39,5640
40,5184
41,820
42,3836
43,1016
44,2008
45,160
46,4784
47,4713
48,4173
49,641
50,2542
51,4511
52,1135
53,2321
54,3631
55,5437
56,3028
57,3957
58,5091
59,1053
60,1488
61,4671
62,5315
63,1836
64,4951
65,1554
66,3442
67,4693
68,169
69,770
70,594
71,1928
72,5196
73,5896
74,5362
75,279
76,5464
77,4144
78,5189
79,4029
80,203
81,319
82,1342
83,171
84,3389
85,916
86,2631
87,1425
88,3469
89,2681
90,3442
91,1061
92,842
93,5814
94,3910
95,1458
96,799
97,4962
98,5579
99,1040
100,390
101,1799
102,1808
103,3372
104,1389
105,2673
106,2329
107,3749
108,21
109,3443
110,2311
111,4210
112,5702
113,5047
114,1024
115,1171
116,2033
117,2959
118,317
119,2290
120,222
121,3980
122,4018
123,2246
124,4692
125,1338
126,424
127,5972
128,2503
129,742
130,1046
131,33
132,4923
133,29
134,1279
135,5529
136,4646
137,4259
138,2980
139,3637
140,3684
141,3437
142,2938
143,3453
144,5476
145,859
146,2614
147,650
148,4912
149,4997
150,2085
151,5062
152,1034
153,881
154,217
155,2771
156,2897
157,606
158,1725
159,420
160,4691
161,5569
162,617
163,4780
164,1292
165,3337
166,753
167,1489
168,2845
169,5857
170,3319
171,4765
172,4360
173,5857
174,3090
175,2273
176,5416
177,4785
178,4326
179,437
180,1181
181,2492
182,4274
183,944
184,2532
185,3693
186,4585
187,5713
188,2166
189,1016
190,5144
191,2920
192,2583
193,3543
194,4311
195,2212
196,862
197,3647
198,4427
199,3178
200,2997
201,3103
202,1303
203,4958
204,1766
205,757
206,578
207,1842
208,3013
209,2813
210,5844
211,4824
212,29
213,4486
214,5498
215,1925
216,2418
217,1507
218,3097
219,3508
220,6
221,4523
222,4255
223,1715
224,1415
225,893
226,3508
227,5502
228,437
229,579
230,1456
231,2199
232,4369
233,3538
234,3479
235,3535
236,2049
237,5708
238,399
239,1748
240,3617
241,1202
242,2306
243,998
244,3091
245,1513
246,607
247,2087
248,983
249,5143
250,3610
251,447
252,421
253,330
254,1684
255,5385
256,4983
257,4230
258,4597
259,4142
260,836
261,2761
262,1781
263,1708
264,5847
265,2429
266,5915
267,3090
268,958
269,5241
270,5725
271,171
272,5311
273,4964
274,4486
275,772
276,1460
277,2295
278,5829
279,2268
280,1991
281,4078
282,834
283,1399
284,3769
285,2475
286,4443
287,5215
288,5371
289,886
290,5149
291,4007
292,3200
293,3093
294,4735
295,4781
296,2858
297,2900
298,4631
299,4780
300,545
301,4930
302,3488
303,4075
304,1298
305,984
306,1715
307,3670
308,1332
309,2501
310,194
311,5414
312,5702
313,3755
314,2644
315,2928
316,1299
317,624
318,4762
319,5191
320,856
321,5394
322,5744
323,1214
324,3324
325,4731
326,3680
327,5342
328,4766
329,5004
330,800
331,2912
332,301
333,2649
334,1563
335,4761
336,1024
337,5601
338,4301
339,1535
340,2598
341,2184
342,4008
343,1179
344,2679
345,882
346,5364
347,4989
348,3866
349,3902
350,4835
351,3334
352,176
353,3213
354,1507
355,423
356,781
357,5150
358,2844
359,3700
360,5143
361,984
362,153
363,2324
364,3830
365,3891
366,3027
367,5783
368,4572
369,4947
370,2569
371,164
372,430
373,2914
374,1980
375,622
376,4208
377,4872
378,2887
379,5971
380,1904
381,1098
382,4860
383,3601
384,2744
385,492
386,5753
387,1525
388,5366
389,4804
390,4889
391,2753
392,3545
393,1245
394,4678
395,121
396,2066
397,852
398,2349
399,5643
400,4970
401,4931
402,3994
403,2681
404,162
405,2424
406,210
407,148
408,2548
409,1505
410,5808
411,2070
412,3689
413,5078
414,1447
415,4523
416,2628
417,1778
418,5702
419,2541
420,460
421,2799
422,4313
423,939
424,296
425,2270
426,300
427,1862
428,258
429,1216
430,3370
431,1432
432,3421
433,436
434,5652
435,3233
436,5043
437,2478
438,2654
439,847
440,3095
441,4031
442,4403
443,3897
444,3818
445,519
446,4728
447,4664
448,1657
449,4116
450,1134
451,547
452,755
453,4117
454,5249
455,4309
456,5720
457,5727
458,5310
459,1037
460,3516
461,5179
462,5937
463,1250
464,1979
465,5115
466,1004
467,1025
468,2823
469,1191
470,2163
471,836
472,861
473,969
474,1268
475,4129
476,1014
477,561
478,2677
479,1756
480,5705
481,981
482,1574
483,346
484,3022
485,4312
486,3093
487,3587
488,2957
489,5989
490,4672
491,755
492,4468
493,5705
494,5476
495,3581
496,1015
497,5691
498,3172
499,2076
500,5682
501,2105
502,5702
503,3480
504,4138
505,1216
506,1560
507,5793
508,4402
509,1831
510,5872
511,5468
512,458
513,5417
514,4769
515,5639
516,193
517,5533
518,3576
519,1417
520,4651
521,3428
522,2598
523,2267
524,2173
525,3726
526,5353
527,4846
528,1669
529,2265
530,3731
531,4264
532,743
533,5943
534,2491
535,2126
536,1074
537,1978
538,5842
539,895
540,5810
541,4623
542,4542
543,1850
544,350
545,4661
546,3587
547,5229
548,3889
549,1896
550,3568
551,348
552,4630
553,238
554,5477
555,3562
556,4108
557,4926
558,3346
559,3207
560,5689
561,2072
562,1274
563,2902
564,2299
565,5364
566,1974
567,4730
568,5561
569,3547
570,5718
571,1917
572,1945
573,4156
574,3939
575,604
576,2875
577,4204
578,1024
579,2785
580,4609
581,1821
582,127
583,1486
584,514
585,521
586,3424
587,2932
588,100
589,1820
590,787
591,4446
592,823
593,3596
594,1502
595,3629
596,1553
597,1926
598,603
599,416
600,3668
601,2645
602,4649
603,719
604,4491
605,49
606,1987
607,5077
608,1939
609,2994
610,3165
611,3879
612,1783
613,4912
614,826
615,1301
616,2019
617,2761
618,5707
619,2012
620,2282
621,3070
622,4178
623,3254
624,5027
625,842
626,628
627,2511
628,2190
629,5567
630,2909
631,2260
632,5861
633,1583
634,4494
635,778
636,5485
637,4404
638,5025
639,1896
640,4716
641,892
642,1901
643,4931
644,1844
645,965
646,3381
647,500
648,3613
649,97
650,4570
651,2855
652,4401
653,3622
654,1809
655,131
656,3041
657,549
658,5216
659,289
660,2533
661,1604
662,2449
663,3435
664,5777
665,2314
666,2425
667,2594
668,499
669,5271
670,3122
671,412
672,1656
673,1854
674,5828
675,840
676,3214
677,5056
678,547
679,3999
680,2148
681,2293
682,690
683,3417
684,5742
685,1017
686,5925
687,2169
688,21
689,625
690,1124
691,438
692,3515
693,5417
694,2219
695,5335
696,5596
697,5020
698,3326
699,5963
700,2032
701,3919
702,1482
703,690
704,5997
705,1018
706,1271
707,4059
708,5433
709,3220
710,2682
711,858
712,2141
713,3722
714,5382
715,4373
716,4517
717,3003
718,1426
719,3324
720,4243
721,5171
722,1238
723,2180
724,2068
725,3474
726,1295
727,1070
728,4090
729,3593
730,1618
731,5656
732,2377
733,3232
734,4365
735,2511
736,3725
737,2823
738,649
739,1167
740,4488
741,4103
742,5804
743,5882
744,394
745,4115
746,2090
747,3057
748,104
749,3313
750,4220
751,2577
752,3327
753,15
754,3817
755,252
756,3971
757,2867
758,4000
759,227
760,448
761,1172
762,2216
763,2206
764,2913
765,3214
766,1807
767,1512
768,3038
769,774
770,4734
771,3481
772,3472
773,1547
774,3790
775,5665
776,1664
777,1445
778,3571
779,1886
780,5358
781,5917
782,2118
783,4043
784,1198
785,4007
786,1761
787,2933
788,236
789,16
790,2356
791,4058
792,1360
793,1761
794,3156
795,5728
796,4172
797,1277
798,5907
799,896
800,611
801,5549
802,4619
803,3757
804,5908
805,2565
806,5363
807,2661
808,5203
809,1571
810,4820
811,2883
812,5625
813,5811
814,2565
815,2749
816,1250
817,3554
818,611
819,4225
820,2484
821,349
822,2237
823,2887
824,831
825,3893
826,411
827,1923
828,576
829,321
830,5918
831,427
832,63
833,3696
834,5202
835,799
836,3577
837,1194
838,2753
839,1449
840,824
841,1425
842,5937
843,3602
844,3725
845,5913
846,3133
847,5645
848,5440
849,2065
850,1346
851,2181
852,911
853,4094
854,575
855,1935
856,2770
857,1443
858,3424
859,59
860,4751
861,4318
862,5028
863,2397
864,5128
865,2769
866,1577
867,3586
868,5250
869,5020
870,3018
871,913
872,5713
873,4148
874,1679
875,5263
876,4591
877,370
878,5330
879,3695
880,524
881,2762
882,34
883,4212
884,656
885,1750
886,1680
887,5124
888,75
889,4831
890,5431
891,764
892,1005
893,1928
894,4521
895,170
896,1121
897,4615
898,228
899,3771
900,5572
901,2656
902,2579
903,2033
904,3828
905,2463
906,2464
907,3615
908,2563
909,4930
910,1640
911,4613
912,4331
913,177
914,1335
915,3715
916,3707
917,971
918,3666
919,1900
920,4624
921,1614
922,852
923,281
924,5311
925,2898
926,4336
927,3814
928,766
929,1891
930,2997
931,1805
932,1906
933,1530
934,1120
935,3581
936,4755
937,2119
938,5146
939,2566
940,1164
941,428
942,3762
943,1156
944,1775
945,1704
946,2982
947,5094
948,389
949,3471
950,5643
951,5210
952,4803
953,5939
954,5468
955,2775
956,104
957,738
958,4318
959,3142
960,4915
961,1579
962,946
963,1101
964,5329
965,1677
966,5636
967,5673
968,3732
969,5807
970,161
971,312
972,959
973,1334
974,3845
975,1121
976,909
977,1382
978,2226
979,3856
980,1666
981,647
982,541
983,4242
984,2537
985,2563
986,4370
987,617
988,4877
989,3002
990,4903
991,5596
992,4676
993,1843
994,494
995,2863
996,1828
997,2095
998,4676
999,4042
1000,777
1001,1147
1002,4327
1003,3544
1004,4703
1005,3170
1006,213
1007,4175
1008,4122
1009,4188
1010,5375
1011,3830
1012,5157
1013,4632
1014,5292
1015,1528
1016,455
1017,5137
1018,3642
1019,3668
1020,2529
1021,4431
1022,735
1023,606
1024,1140
1025,3277
1026,4046
1027,726
1028,1168
1029,3091
1030,853
1031,2403
1032,1464
1033,5504
1034,2626
1035,1787
1036,1521
1037,4533
1038,3030
1039,1586
1040,1960
1041,2576
1042,722
1043,1788
1044,3027
1045,1348
1046,2174
1047,432
1048,5360
1049,4482
1050,3816
1051,5836
1052,4345
1053,5830
1054,5498
1055,1967
1056,5465
1057,3888
1058,4196
1059,1127
1060,2793
1061,1660
1062,4712
1063,2840
1064,4435
1065,161
1066,1381
1067,165
1068,5432
1069,2931
1070,5275
1071,5022
1072,2461
1073,694
1074,4078
1075,5670
1076,2991
1077,2896
1078,3621
1079,3599
1080,4439
1081,5000
1082,1169
1083,5572
1084,4249
1085,2609
1086,4011
1087,1507
1088,2550
1089,4781
1090,182
1091,1478
1092,338
1093,4048
1094,2180
1095,4749
1096,224
1097,1091
1098,2069
1099,1721
1100,553
1101,4496
1102,2489
1103,471
1104,5803
1105,5313
1106,2407
1107,1863
1108,4382
1109,3568
1110,326
1111,2024
1112,5426
1113,4378
1114,3624
1115,2113
1116,36
1117,1077
1118,4023
1119,5023
1120,2015
1121,3834
1122,3560
1123,422
1124,5519
1125,2385
1126,892
1127,2278
1128,3393
1129,5673
1130,4292
1131,3340
1132,4535
1133,1888
1134,3237
1135,1121
1136,8
1137,565
1138,785
1139,5491
1140,1795
1141,4503
1142,4213
1143,2958
1144,4307
1145,5657
1146,3906
1147,4711
1148,1662
1149,870
1150,1506
1151,4197
1152,3704
1153,2203
1154,4716
1155,1900
1156,534
1157,5573
1158,1379
1159,199
1160,5980
1161,4007
1162,1752
1163,1569
1164,551
1165,4887
1166,5040
1167,1009
1168,2182
1169,2678
1170,3089
1171,5056
1172,1683
1173,555
1174,1174
1175,1863
1176,5712
1177,4012
1178,4001
1179,4922
1180,2029
1181,2648
1182,3632
1183,1147
1184,2149
1185,4435
1186,1672
1187,1532
1188,5816
1189,2478
1190,4110
1191,2869
1192,2036
1193,4530
1194,2069
1195,4286
1196,3052
1197,3881
1198,1985
1199,2569
1200,3643
1201,1114
1202,5306
1203,3136
1204,3345
1205,3327
1206,1148
1207,2710
1208,4364
1209,244
1210,2875
1211,5981
1212,1522
1213,286
1214,564
1215,2483
1216,2971
1217,3558
1218,1711
1219,329
1220,1499
1221,3377
1222,1009
1223,451
1224,4749
1225,4221
1226,1133
1227,5317
1228,2667
1229,5818
1230,5434
1231,2127
1232,1881
1233,1218
1234,2352
1235,4039
1236,3106
1237,3830
1238,2556
1239,4576
1240,2267
1241,279
1242,4435
1243,5364
1244,3187
1245,110
1246,4452
1247,3875
1248,5516
1249,2824
1250,949
1251,3912
1252,5523
1253,4882
1254,2479
1255,5156
1256,4794
1257,3469
1258,1798
1259,906
1260,392
1261,3037
1262,3232
1263,5878
1264,5926
1265,4468
1266,5032
1267,1867
1268,3482
1269,2022
1270,2186
1271,583
1272,2496
1273,4328
1274,398
1275,2325
1276,228
1277,5898
1278,1586
1279,3070
1280,3101
1281,543
1282,3791
1283,349
1284,4371
1285,4885
1286,2334
1287,4990
1288,321
1289,117
1290,5427
1291,4786
1292,4565
1293,4696
1294,5447
1295,2050
1296,5733
1297,931
1298,5556
1299,222
1300,5996
1301,2081
1302,2026
1303,4193
1304,3425
1305,3212
1306,4815
1307,5538
1308,2264
1309,3768
1310,1058
1311,5193
1312,4898
1313,988
1314,5856
1315,4315
1316,3776
1317,2750
1318,1152
1319,1397
1320,277
1321,281
1322,1209
1323,3441
1324,3865
1325,717
1326,1763
1327,968
1328,25
1329,1316
1330,4394
1331,932
1332,2284
1333,2204
1334,143
1335,3840
1336,257
1337,3190
1338,3498
1339,2559
1340,2036
1341,2122
1342,826
1343,2486
1344,591
1345,4277
1346,1964
1347,1879
1348,1565
1349,2224
1350,1434
1351,2875
1352,554
1353,238
1354,1386
1355,5627
1356,118
1357,3506
1358,5768
1359,2346
1360,5464
1361,2186
1362,4030
1363,3234
1364,3199
1365,268
1366,5679
1367,2810
1368,3236
1369,5003
1370,1347
1371,1746
1372,4859
1373,4054
1374,4732
1375,3515
1376,3513
1377,5021
1378,3832
1379,85
1380,2831
1381,4897
1382,1183
1383,5445
1384,180
1385,5191
1386,2956
1387,1379
1388,1265
1389,665
1390,1721
1391,5790
1392,3909
1393,5929
1394,5811
1395,5148
1396,4089
1397,4947
1398,4716
1399,2626
1400,334
1401,5422
1402,4687
1403,685
1404,2770
1405,3422
1406,5294
1407,106
1408,1602
1409,313
1410,3063
1411,2568
1412,4537
1413,723
1414,1989
1415,2488
1416,3031
1417,5705
1418,931
1419,94
1420,1789
1421,5239
1422,1147
1423,55
1424,5828
1425,726
1426,1948
1427,1910
1428,2189
1429,1286
1430,379
1431,2509
1432,5443
1433,2067
1434,4800
1435,1684
1436,2236
1437,4423
1438,1217
1439,2809
1440,4143
1441,828
1442,2429
1443,4197
1444,4096
1445,2044
1446,2478
1447,3319
1448,5239
1449,1607
1450,65
1451,4223
1452,5166
1453,368
1454,3330
1455,89
1456,1337
1457,2325
1458,2016
1459,5283
1460,4191
1461,2905
1462,3807
1463,4461
1464,3047
1465,2031
1466,2717
1467,4236
1468,446
1469,3077
1470,4316
1471,2443
1472,3733
1473,443
1474,1278
1475,1407
1476,2439
1477,4078
1478,623
1479,2790
1480,5176
1481,486
1482,4748
1483,4859
1484,3801
1485,1592
1486,5985
1487,4616
1488,1975
1489,1816
1490,5184
1491,4888
1492,1221
1493,3951
1494,2654
1495,3719
1496,622
1497,949
1498,2359
1499,1481
1500,3868
1501,5628
1502,5634
1503,5812
1504,3318
1505,1560
1506,5823
1507,732
1508,3891
1509,558
1510,476
1511,553
1512,2318
1513,3320
1514,5575
1515,1878
1516,4850
1517,5795
1518,2062
1519,3256
1520,3988
1521,4869
1522,2722
1523,521
1524,5632
1525,750
1526,5402
1527,3184
1528,2940
1529,1514
1530,484
1531,3775
1532,5977
1533,2144
1534,3318
1535,2105
1536,5415
1537,3530
1538,4131
1539,3134
1540,4168
1541,2785
1542,3049
1543,308
1544,2445
1545,5636
1546,5158
1547,3971
1548,3644
1549,629
1550,4843
1551,3005
1552,2819
1553,2720
1554,2121
1555,3657
1556,1926
1557,3193
1558,3912
1559,1915
1560,5509
1561,4561
1562,5335
1563,2001
1564,4425
1565,324
1566,3117
1567,5564
1568,3213
1569,4434
1570,3774
1571,4201
1572,601
1573,5817
1574,1273
1575,3291
1576,1481
1577,1323
1578,5326
1579,295
1580,3372
1581,5281
1582,4829
1583,1564
1584,3576
1585,2860
1586,5241
1587,3373
1588,1131
1589,2179
1590,2604
1591,4444
1592,5565
1593,2894
1594,196
1595,4
1596,4561
1597,398
1598,1211
1599,4851
1600,1274
1601,1607
1602,5940
1603,482
1604,2138
1605,3611
1606,49
1607,99
1608,3206
1609,2692
1610,2482
1611,4486
1612,2469
1613,541
1614,792
1615,3656
1616,4359
1617,2077
1618,1383
1619,5560
1620,4003
1621,4098
1622,4697
1623,1671
1624,3608
1625,4502
1626,4848
1627,5468
1628,3445
1629,576
1630,20
1631,3857
1632,1412
1633,2346
1634,1258
1635,4973
1636,496
1637,1066
1638,1189
1639,527
1640,2904
1641,4240
1642,4374
1643,4627
1644,2844
1645,331
1646,735
1647,1845
1648,3444
1649,4360
1650,3318
1651,559
1652,992
1653,3704
1654,3685
1655,1520
1656,4138
1657,4508
1658,3566
1659,3084
1660,1864
1661,5360
1662,347
1663,3082
1664,2637
1665,4417
1666,563
1667,3118
1668,2159
1669,2668
1670,41
1671,1027
1672,2403
1673,1141
1674,2783
1675,3604
1676,2772
1677,1249
1678,328
1679,2119
1680,5443
1681,5152
1682,5066
1683,4790
1684,5977
1685,5690
1686,2082
1687,5772
1688,5527
1689,293
1690,306
1691,1945
1692,2494
1693,3344
1694,3909
1695,3298
1696,2283
1697,5807
1698,1603
1699,1592
1700,4586
1701,2964
1702,304
1703,3955
1704,5531
1705,4022
1706,783
1707,3162
1708,2850
1709,4385
1710,4277
1711,546
1712,2616
1713,4954
1714,4168
1715,5393
1716,3920
1717,2652
1718,4005
1719,3117
1720,2148
1721,1572
1722,5744
1723,2038
1724,3580
1725,1525
1726,2086
1727,4125
1728,2016
1729,5097
1730,927
1731,5248
1732,5030
1733,3062
1734,4880
1735,195
1736,4725
1737,2936
1738,4060
1739,2124
1740,1210
1741,1984
1742,4378
1743,3290
1744,3863
1745,3385
1746,5346
1747,3923
1748,425
1749,2802
1750,2210
1751,2633
1752,5635
1753,701
1754,4669
1755,5321
1756,1366
1757,4756
1758,4354
1759,5120
1760,5506
1761,3202
1762,298
1763,377
1764,150
1765,373
1766,1259
1767,4983
1768,2755
1769,2798
1770,1146
1771,2892
1772,2847
1773,2146
1774,4733
1775,2644
1776,1461
1777,1
1778,1134
1779,3649
1780,41
1781,1376
1782,2476
1783,179
1784,5353
1785,3253
1786,988
1787,3779
1788,1791
1789,5807
1790,3516
1791,1789
1792,500
1793,3487
1794,408
1795,4136
1796,591
1797,4022
1798,2006
1799,644
1800,3738
1801,4141
1802,5819
1803,1758
1804,213
1805,5307
1806,4689
1807,2418
1808,4532
1809,4519
1810,4832
1811,254
1812,2451
1813,5674
1814,5400
1815,2159
1816,3754
1817,1855
1818,2161
1819,427
1820,716
1821,2123
1822,42
1823,3882
1824,1033
1825,4435
1826,5710
1827,3105
1828,708
1829,1262
1830,4612
1831,4876
1832,3246
1833,4152
1834,3381
1835,568
1836,49
1837,1471
1838,2841
1839,1114
1840,3913
1841,3326
1842,4314
1843,3663
1844,2604
1845,2372
1846,474
1847,209
1848,3291
1849,2192
1850,2177
1851,3043
1852,3760
1853,587
1854,254
1855,4826
1856,3463
1857,2338
1858,4894
1859,4600
1860,3850
1861,2143
1862,3963
1863,5365
1864,3124
1865,2323
1866,731
1867,764
1868,4519
1869,3922
1870,1466
1871,5743
1872,4456
1873,4571
1874,2050
1875,3640
1876,5544
1877,5298
1878,1926
1879,1470
1880,4350
1881,2155
1882,3838
1883,2144
1884,4080
1885,1333
1886,3037
1887,3105
1888,5089
1889,1009
1890,5902
1891,3952
1892,4196
1893,3086
1894,765
1895,1938
1896,2462
1897,2387
1898,5378
1899,2206
1900,3658
1901,5224
1902,952
1903,2373
1904,22
1905,3889
1906,1739
1907,5677
1908,2474
1909,2423
1910,2608
1911,3448
1912,969
1913,917
1914,3246
1915,4293
1916,3999
1917,3100
1918,986
1919,3363
1920,4027
1921,1155
1922,2818
1923,4877
1924,503
1925,3631
1926,831
1927,2231
1928,2690
1929,1563
1930,3437
1931,2724
1932,5774
1933,2868
1934,3830
1935,5681
1936,2149
1937,1540
1938,330
1939,5009
1940,3174
1941,5193
1942,4235
1943,3637
1944,3806
1945,2800
1946,1589
1947,1991
1948,3042
1949,2803
1950,1835
1951,1684
1952,5897
1953,5613
1954,3292
1955,4885
1956,998
1957,3862
1958,2197
1959,1720
1960,4706
1961,3984
1962,2784
1963,5264
1964,3272
1965,3692
1966,5289
1967,629
1968,3642
1969,3001
1970,4657
1971,216
1972,5298
1973,5546
1974,5916
1975,2776
1976,194
1977,4131
1978,4534
1979,2426
1980,2653
1981,2544
1982,450
1983,3897
1984,2942
1985,2466
1986,5858
1987,4122
1988,886
1989,2775
1990,4866
1991,2314
1992,3540
1993,5541
1994,31
1995,358
1996,780
1997,162
1998,342
1999,3047
2000,5370
2001,2851
2002,3350
2003,3192
2004,3423
2005,335
2006,551
2007,3701
2008,3914
2009,3823
2010,228
2011,5170
2012,3427
2013,581
2014,36
2015,5813
2016,2672
2017,4262
2018,4935
2019,81
2020,4650
2021,1318
2022,5564
2023,5087
2024,4698
2025,1502
2026,1007
2027,315
2028,941
2029,5564
2030,2526
2031,2089
2032,5863
2033,1879
2034,5357
2035,1859
2036,4883
2037,2844
2038,112
2039,1360
2040,4280
2041,2251
2042,1142
2043,5554
2044,1032
2045,5640
2046,5797
2047,5787
2048,5634
2049,3006
2050,800
2051,3981
2052,4023
2053,4966
2054,2053
2055,2749
2056,3098
2057,2960
2058,4578
2059,2835
2060,5568
2061,2460
2062,1272
2063,3601
2064,4006
2065,2536
2066,1256
2067,1150
2068,3810
2069,294
2070,1034
2071,3005
2072,3202
2073,1256
2074,621
2075,3807
2076,3937
2077,5883
2078,4281
2079,2865
2080,2360
2081,3117
2082,3359
2083,5955
2084,5697
2085,4493
2086,5058
2087,599
2088,4870
2089,2990
2090,2943
2091,354
2092,3752
2093,5815
2094,5975
2095,546
2096,5116
2097,1978
2098,5325
2099,5436
2100,1839
2101,95
2102,4955
2103,1441
2104,3067
2105,2684
2106,5647
2107,4236
2108,1473
2109,4627
2110,1283
2111,1835
2112,3798
2113,3352
2114,1002
2115,5319
2116,2699
2117,5693
2118,3270
2119,3697
2120,2212
2121,349
2122,5943
2123,1051
2124,5338
2125,225
2126,2254
2127,5857
2128,3403
2129,498
2130,3087
2131,1922
2132,95
2133,4092
2134,1797
2135,5263
2136,3190
2137,5226
2138,895
2139,4990
2140,3469
2141,4020
2142,2040
2143,2443
2144,5152
2145,4098
2146,3381
2147,1644
2148,2921
2149,3772
2150,3383
2151,751
2152,3110
2153,2176
2154,1744
2155,1699
2156,2057
2157,270
2158,226
2159,0
2160,3481
2161,4371
2162,5731
2163,2676
2164,1829
2165,2368
2166,3965
2167,3450
2168,41
2169,3671
2170,1345
2171,3625
2172,4457
2173,4994
2174,3036
2175,2598
2176,4378
2177,4928
2178,5138
2179,3623
2180,3792
2181,1036
2182,2727
2183,2454
2184,354
2185,5179
2186,4717
2187,1118
2188,5786
2189,866
2190,4135
2191,3796
2192,1656
2193,5634
2194,2955
2195,1493
2196,3286
2197,5169
2198,182
2199,4952
2200,3431
2201,1654
2202,5498
2203,3136
2204,744
2205,705
2206,3379
2207,5489
2208,3864
2209,3524
2210,1351
2211,1564
2212,4676
2213,5250
2214,235
2215,3832
2216,3179
2217,2051
2218,3314
2219,1119
2220,3184
2221,257
2222,5872
2223,3122
2224,974
2225,3554
2226,2573
2227,4586
2228,3334
2229,5442
2230,326
2231,5916
2232,2131
2233,2796
2234,2893
2235,2040
2236,1231
2237,4244
2238,3456
2239,95
2240,4638
2241,3573
2242,839
2243,3198
2244,5656
2245,3186
2246,4599
2247,1051
2248,789
2249,3435
2250,1524
2251,1467
2252,3328
2253,4430
2254,5395
2255,4157
2256,526
2257,5159
2258,1357
2259,1159
2260,5208
2261,310
2262,3071
2263,1915
2264,5107
2265,172
2266,1886
2267,789
2268,4625
2269,5265
2270,2328
2271,3156
2272,1408
2273,4612
2274,2262
2275,2066
2276,289
2277,592
2278,3806
2279,338
2280,2627
2281,2536
2282,4773
2283,4213
2284,3838
2285,5695
2286,1730
2287,4761
2288,3323
2289,1814
2290,5933
2291,2159
2292,1728
2293,5299
2294,5126
2295,519
2296,1114
2297,2762
2298,914
2299,3178
2300,755
2301,2155
2302,751
2303,4644
2304,2611
2305,2967
2306,905
2307,1452
2308,3442
2309,3120
2310,4934
2311,897
2312,2059
2313,445
2314,4475
2315,2162
2316,2365
2317,919
2318,4882
2319,4266
2320,5499
2321,4258
2322,2227
2323,5863
2324,1331
2325,3595
2326,4927
2327,1222
2328,3788
2329,1995
2330,3291
2331,1628
2332,4280
2333,2661
2334,121
2335,3987
2336,809
2337,2882
2338,2003
2339,4415
2340,3568
2341,4038
2342,2145
2343,1004
2344,4448
2345,5886
2346,1962
2347,6
2348,1393
2349,2281
2350,5622
2351,2821
2352,5489
2353,5344
2354,4946
2355,2691
2356,1572
2357,1011
2358,621
2359,5706
2360,4172
2361,5970
2362,5871
2363,863
2364,4853
2365,4420
2366,4922
2367,3093
2368,3047
2369,2728
2370,5480
2371,1856
2372,1950
2373,3238
2374,468
2375,2791
2376,1574
2377,1440
2378,5
2379,533
2380,5455
2381,5098
2382,4644
2383,5260
2384,176
2385,883
2386,2670
2387,2150
2388,632
2389,5391
2390,869
2391,4297
2392,5552
2393,371
2394,4402
2395,3926
2396,4733
2397,3229
2398,981
2399,127
2400,5201
2401,5181
2402,1101
2403,435
2404,5681
2405,563
2406,2722
2407,1399
2408,4113
2409,4182
2410,4432
2411,562
2412,363
2413,5342
2414,2782
2415,4645
2416,3502
2417,3488
2418,5932
2419,3013
2420,2867
2421,3716
2422,4172
2423,3334
2424,2779
2425,1763
2426,4150
2427,4134
2428,5333
2429,978
2430,1471
2431,1140
2432,2284
2433,358
2434,1381
2435,5467
2436,1372
2437,5971
2438,1409
2439,1742
2440,5269
2441,3509
2442,1439
2443,658
2444,3576
2445,698
2446,2953
2447,1746
2448,2974
2449,2282
2450,3247
2451,3971
2452,4840
2453,4836
2454,4067
2455,2966
2456,3681
2457,870
2458,5953
2459,2547
2460,1792
2461,3928
2462,588
2463,3511
2464,4506
2465,3974
2466,4804
2467,4845
2468,1540
2469,3176
2470,4323
2471,3074
2472,5286
2473,4320
2474,2182
2475,4104
2476,5866
2477,3552
2478,4217
2479,1369
2480,3220
2481,3493
2482,2491
2483,5526
2484,812
2485,4723
2486,5921
2487,2459
2488,4838
2489,4943
2490,2806
2491,2064
2492,963
2493,1939
2494,4864
2495,5375
2496,2128
2497,2465
2498,2798
2499,5356
2500,76
2501,1784
2502,3021
2503,566
2504,2776
2505,5980
2506,2714
2507,2121
2508,1414
2509,4341
2510,1906
2511,4029
2512,3220
2513,326
2514,2821
2515,4703
2516,5410
2517,4999
2518,1816
2519,5690
2520,3086
2521,114
2522,4122
2523,5170
2524,833
2525,855
2526,751
2527,1309
2528,3123
2529,1132
2530,4184
2531,5790
2532,1449
2533,197
2534,2547
2535,3038
2536,4207
2537,859
2538,2366
2539,1993
2540,2384
2541,2604
2542,3175
2543,5539
2544,1986
2545,768
2546,1455
2547,4309
2548,2239
2549,1619
2550,446
2551,4744
2552,1981
2553,131
2554,3120
2555,3837
2556,63
2557,2680
2558,3356
2559,5782
2560,5493
2561,2891
2562,3509
2563,1604
2564,3823
2565,660
2566,4585
2567,3118
2568,5151
2569,1492
2570,1719
2571,3675
2572,747
2573,4267
2574,5213
2575,1469
2576,5329
2577,4807
2578,3728
2579,1946
2580,6
2581,1787
2582,2757
2583,2504
2584,5287
2585,3783
2586,3996
2587,2708
2588,2497
2589,4665
2590,2284
2591,5343
2592,5723
2593,400
2594,3913
2595,4757
2596,5073
2597,1433
2598,1410
2599,2731
2600,4524
2601,2600
2602,3959
2603,3780
2604,3532
2605,517
2606,4040
2607,5873
2608,3559
2609,2160
2610,217
2611,2739
2612,1900
2613,1490
2614,482
2615,3134
2616,2240
2617,3058
2618,2818
2619,1276
2620,1658
2621,896
2622,2035
2623,5610
2624,458
2625,449
2626,3640
2627,2963
2628,4019
2629,4392
2630,563
2631,4071
2632,2218
2633,5262
2634,3236
2635,5576
2636,3670
2637,1853
2638,4796
2639,1473
2640,2839
2641,943
2642,96
2643,2660
2644,2004
2645,93
2646,1944
2647,2366
2648,4076
2649,935
2650,4902
2651,1224
2652,3998
2653,5968
2654,1860
2655,4189
2656,660
2657,1714
2658,375
2659,5763
2660,5850
2661,2933
2662,1728
2663,3320
2664,93
2665,1015
2666,4993
2667,3419
2668,4158
2669,4665
2670,4381
2671,5763
2672,5605
2673,3446
2674,503
2675,3312
2676,3667
2677,1665
2678,636
2679,732
2680,4928
2681,1210
2682,861
2683,2398
2684,5298
2685,5628
2686,3125
2687,4747
2688,4783
2689,182
2690,5465
2691,4617
2692,4762
2693,4724
2694,3629
2695,1729
2696,1529
2697,5033
2698,115
2699,4608
2700,39
2701,987
2702,5582
2703,3274
2704,3701
2705,5787
2706,837
2707,4028
2708,2092
2709,416
2710,1427
2711,29
2712,3150
2713,5119
2714,5594
2715,1359
2716,3354
2717,1865
2718,4472
2719,3944
2720,1694
2721,5137
2722,5026
2723,3208
2724,438
2725,1928
2726,894
2727,2854
2728,2338
2729,5479
2730,4589
2731,619
2732,4182
2733,2313
2734,3556
2735,1515
2736,1740
2737,5730
2738,1771
2739,3195
2740,3700
2741,3007
2742,1886
2743,4003
2744,5963
2745,1531
2746,4786
2747,2930
2748,2281
2749,5788
2750,850
2751,4712
2752,740
2753,1976
2754,3991
2755,2725
2756,1266
2757,5575
2758,710
2759,2811
2760,2828
2761,1110
2762,4979
2763,3650
2764,1583
2765,3525
2766,2035
2767,3560
2768,5196
2769,4734
2770,495
2771,882
2772,1246
2773,3186
2774,5844
2775,5108
2776,2411
2777,5234
2778,2104
2779,425
2780,5108
2781,2823
2782,343
2783,3440
2784,2631
2785,414
2786,4331
2787,2995
2788,1412
2789,579
2790,4026
2791,2677
2792,636
2793,937
2794,473
2795,55
2796,2517
2797,2884
2798,3998
2799,3718
2800,954
2801,4403
2802,4916
2803,469
2804,175
2805,2477
2806,872
2807,5475
2808,5747
2809,903
2810,4960
2811,4521
2812,5054
2813,1599
2814,3210
2815,3858
2816,4153
2817,1992
2818,5522
2819,2359
2820,2141
2821,2306
2822,5486
2823,1558
2824,1892
2825,3781
2826,3684
2827,2286
2828,5868
2829,5194
2830,2075
2831,4314
2832,4938
2833,5638
2834,1006
2835,1336
2836,3915
2837,2260
2838,1533
2839,2772
2840,3429
2841,462
2842,5454
2843,3413
2844,2140
2845,792
2846,2273
2847,3428
2848,4064
2849,4969
2850,5889
2851,341
2852,2772
2853,278
2854,2389
2855,164
2856,89
2857,2717
2858,2135
2859,2541
2860,5545
2861,555
2862,1996
2863,3319
2864,4080
2865,1482
2866,5842
2867,1854
2868,5573
2869,603
2870,2920
2871,763
2872,1606
2873,5420
2874,1158
2875,195
2876,1905
2877,4710
2878,3374
2879,2889
2880,5055
2881,3701
2882,2186
2883,5760
2884,1642
2885,4116
2886,2965
2887,3042
2888,5408
2889,2229
2890,2038
2891,4086
2892,5184
2893,1467
2894,4134
2895,625
2896,1728
2897,4788
2898,2483
2899,5083
2900,1409
2901,1077
2902,5949
2903,3453
2904,5803
2905,5300
2906,4045
2907,5508
2908,5218
2909,5196
2910,4726
2911,2085
2912,5594
2913,5985
2914,1011
2915,3533
2916,4822
2917,5921
2918,256
2919,963
2920,5739
2921,610
2922,3813
2923,2653
2924,5700
2925,5053
2926,445
2927,3404
2928,5391
2929,4279
2930,2885
2931,533
2932,1876
2933,1976
2934,3407
2935,1100
2936,86
2937,5642
2938,646
2939,5087
2940,3138
2941,3808
2942,1980
2943,236
2944,1252
2945,3248
2946,912
2947,5968
2948,4601
2949,3599
2950,2859
2951,334
2952,5344
2953,5543
2954,5897
2955,1384
2956,89
2957,3047
2958,2548
2959,1756
2960,383
2961,615
2962,796
2963,510
2964,1970
2965,5975
2966,4596
2967,1950
2968,2556
2969,5971
2970,3782
2971,4326
2972,5926
2973,4181
2974,2646
2975,2611
2976,3443
2977,5991
2978,1859
2979,5565
2980,4202
2981,2386
2982,5146
2983,3444
2984,2625
2985,1865
2986,5941
2987,5849
2988,2820
2989,5483
2990,5105
2991,5206
2992,293
2993,2617
2994,5021
2995,5947
2996,2446
2997,2085
2998,2014
2999,3238
3000,738
3001,2050
3002,1871
3003,2910
3004,4401
3005,5502
3006,2358
3007,3052
3008,4810
3009,5609
3010,4130
3011,2439
3012,2379
3013,736
3014,5872
3015,3994
3016,1059
3017,2635
3018,1357
3019,1796
3020,9
3021,5215
3022,86
3023,5724
3024,5702
3025,784
3026,5723
3027,2463
3028,1277
3029,5111
3030,5922
3031,2264
3032,5626
3033,1276
3034,2631
3035,250
3036,1096
3037,2528
3038,5073
3039,2557
3040,5101
3041,58
3042,5600
3043,306
3044,944
3045,2044
3046,2275
3047,1221
3048,2299
3049,5441
3050,3142
3051,5438
3052,3371
3053,5189
3054,2936
3055,3364
3056,2292
3057,4737
3058,3114
3059,5551
3060,338
3061,337
3062,2964
3063,1096
3064,5066
3065,3764
3066,5425
3067,4735
3068,223
3069,816
3070,1595
3071,4761
3072,2384
3073,3071
3074,4338
3075,500
3076,4318
3077,5450
3078,4309
3079,3176
3080,3148
3081,3776
3082,4563
3083,1179
3084,2719
3085,2435
3086,3979
3087,3249
3088,4885
3089,783
3090,4463
3091,2943
3092,2097
3093,71
3094,3831
3095,2282
3096,5780
3097,3295
3098,1986
3099,1441
3100,3209
3101,32
3102,5431
3103,3364
3104,3463
3105,1451
3106,2074
3107,4783
3108,5977
3109,1293
3110,4267
3111,3783
3112,2233
3113,3179
3114,1608
3115,2351
3116,1752
3117,4811
3118,5122
3119,1751
3120,379
3121,222
3122,5133
3123,4322
3124,5648
3125,830
3126,2992
3127,3491
3128,1902
3129,1231
3130,3213
3131,4116
3132,2570
3133,5893
3134,4635
3135,2226
3136,5990
3137,4627
3138,4510
3139,5256
3140,4356
3141,1419
3142,3240
3143,5878
3144,312
3145,3159
3146,3593
3147,1853
3148,1467
3149,226
3150,5106
3151,5802
3152,1916
3153,1427
3154,5368
3155,1293
3156,2272
3157,1559
3158,1347
3159,5381
3160,4635
3161,2539
3162,5046
3163,1403
3164,4647
3165,3827
3166,1673
3167,3399
3168,3649
3169,3818
3170,1666
3171,1410
3172,5651
3173,4598
3174,722
3175,1081
3176,1099
3177,2231
3178,5867
3179,5578
3180,507
3181,1324
3182,1231
3183,2207
3184,3002
3185,3841
3186,4740
3187,100
3188,1064
3189,4729
3190,4820
3191,5366
3192,878
3193,69
3194,1233
3195,1098
3196,1268
3197,3966
3198,4230
3199,2776
3200,108
3201,2628
3202,1896
3203,1458
3204,1355
3205,1747
3206,2235
3207,4116
3208,88
3209,5791
3210,5985
3211,202
3212,3117
3213,1357
3214,4909
3215,680
3216,5803
3217,333
3218,4822
3219,3066
3220,778
3221,1175
3222,3303
3223,5641
3224,1933
3225,1297
3226,4003
3227,1111
3228,980
3229,3754
3230,2038
3231,3079
3232,2619
3233,5254
3234,3606
3235,1740
3236,1536
3237,967
3238,3160
3239,3740
3240,5298
3241,1348
3242,1391
3243,2704
3244,2404
3245,5864
3246,3824
3247,2891
3248,1985
3249,5594
3250,3281
3251,5268
3252,2330
3253,981
3254,5647
3255,3586
3256,3515
3257,275
3258,3983
3259,932
3260,4619
3261,5643
3262,5100
3263,954
3264,3218
3265,1651
3266,2255
3267,883
3268,4005
3269,2020
3270,3997
3271,227
3272,2956
3273,2585
3274,3738
3275,3665
3276,2965
3277,3075
3278,3211
3279,4987
3280,546
3281,4301
3282,1497
3283,2742
3284,5293
3285,1878
3286,3473
3287,326
3288,5851
3289,2256
3290,489
3291,165
3292,2686
3293,756
3294,4077
3295,3028
3296,5221
3297,672
3298,5671
3299,2636
3300,2303
3301,2639
3302,5709
3303,1823
3304,3820
3305,1843
3306,1189
3307,3232
3308,468
3309,2353
3310,323
3311,252
3312,432
3313,2376
3314,1843
3315,2515
3316,1622
3317,5808
3318,4097
3319,4343
3320,4035
3321,251
3322,5653
3323,4736
3324,1057
3325,939
3326,173
3327,905
3328,4840
3329,2624
3330,4179
3331,4731
3332,1921
3333,3324
3334,2270
3335,5747
3336,4069
3337,4133
3338,5124
3339,5810
3340,1652
3341,2181
3342,4140
3343,1826
3344,4497
3345,2258
3346,5761
3347,1120
3348,2090
3349,4405
3350,2147
3351,3867
3352,3158
3353,5321
3354,2104
3355,5687
3356,3559
3357,66
3358,5184
3359,3373
3360,3279
3361,40
3362,5142
3363,1491
3364,4399
3365,5502
3366,5874
3367,3459
3368,2843
3369,2403
3370,2827
3371,2235
3372,937
3373,85
3374,5914
3375,2737
3376,3656
3377,2908
3378,474
3379,4097
3380,4893
3381,5946
3382,539
3383,4532
3384,168
3385,3725
3386,4709
3387,5198
3388,5237
3389,2447
3390,4458
3391,709
3392,2895
3393,1867
3394,452
3395,4233
3396,4959
3397,4651
3398,4062
3399,132
3400,354
3401,2210
3402,5167
3403,4559
3404,2744
3405,5843
3406,3776
3407,5406
3408,4505
3409,5708
3410,5759
3411,5513
3412,5426
3413,5795
3414,140
3415,5816
3416,3229
3417,3116
3418,4225
3419,4235
3420,366
3421,4484
3422,494
3423,2787
3424,1706
3425,2221
3426,194
3427,4464
3428,2467
3429,4662
3430,2806
3431,136
3432,3582
3433,3525
3434,1315
3435,1969
3436,421
3437,4884
3438,1124
3439,4347
3440,1367
3441,4166
3442,662
3443,1421
3444,5069
3445,3620
3446,4203
3447,4634
3448,5081
3449,3113
3450,3374
3451,16
3452,2215
3453,3190
3454,2513
3455,3997
3456,5157
3457,1154
3458,4899
3459,1118
3460,4607
3461,338
3462,3613
3463,4981
3464,3011
3465,193
3466,4219
3467,726
3468,1587
3469,4380
3470,4008
3471,4814
3472,2744
3473,5965
3474,2049
3475,3905
3476,2899
3477,2929
3478,1724
3479,5118
3480,3088
3481,568
3482,5762
3483,3345
3484,1668
3485,1385
3486,4887
3487,2550
3488,581
3489,2448
3490,2331
3491,1989
3492,5128
3493,1269
3494,4136
3495,910
3496,3540
3497,1449
3498,4892
3499,3233
3500,3734
3501,5167
3502,4657
3503,5226
3504,5727
3505,3189
3506,5783
3507,5784
3508,5816
3509,894
3510,2979
3511,857
3512,1526
3513,3214
3514,1216
3515,5060
3516,5719
3517,1969
3518,1204
3519,1298
3520,2556
3521,3768
3522,5214
3523,3801
3524,65
3525,1937
3526,5499
3527,4471
3528,1735
3529,1218
3530,2968
3531,3719
3532,5299
3533,1665
3534,354
3535,3891
3536,4688
3537,3123
3538,1753
3539,2727
3540,79
3541,1103
3542,4931
3543,1773
3544,895
3545,5646
3546,3501
3547,2219
3548,7
3549,3826
3550,3067
3551,5413
3552,2031
3553,928
3554,5489
3555,831
3556,5343
3557,267
3558,1482
3559,2820
3560,303
3561,174
3562,5381
3563,2812
3564,174
3565,4326
3566,5153
3567,925
3568,4063
3569,3690
3570,5405
3571,2721
3572,3373
3573,5288
3574,2113
3575,4896
3576,5135
3577,3341
3578,1515
3579,2346
3580,1094
3581,3744
3582,4530
3583,2291
3584,5395
3585,1435
3586,2695
3587,4619
3588,1461
3589,887
3590,4425
3591,2809
3592,3505
3593,5236
3594,4247
3595,963
3596,4154
3597,5730
3598,5888
3599,1533
3600,1872
3601,3007
3602,5366
3603,1196
3604,629
3605,812
3606,3249
3607,1637
3608,4922
3609,62
3610,5568
3611,3078
3612,4552
3613,1375
3614,2795
3615,2897
3616,3786
3617,4494
3618,756
3619,4721
3620,5560
3621,5049
3622,395
3623,5514
3624,4607
3625,5574
3626,1216
3627,5122
3628,5884
3629,5561
3630,1028
3631,4229
3632,2039
3633,3332
3634,5208
3635,2089
3636,2380
3637,5841
3638,4423
3639,256
3640,388
3641,4245
3642,80
3643,2083
3644,4098
3645,2098
3646,3371
3647,4273
3648,4474
3649,3372
3650,540
3651,900
3652,3164
3653,805
3654,2501
3655,3788
3656,158
3657,2648
3658,5750
3659,5066
3660,4807
3661,3934
3662,2880
3663,2091
3664,5928
3665,5376
3666,1784
3667,3503
3668,3461
3669,2617
3670,455
3671,4021
3672,3105
3673,2183
3674,4061
3675,37
3676,1464
3677,1743
3678,1029
3679,4681
3680,229
3681,90
3682,5300
3683,3529
3684,1652
3685,5135
3686,2747
3687,1250
3688,1602
3689,5118
3690,2909
3691,66
3692,3248
3693,2791
3694,1578
3695,5650
3696,199
3697,5813
3698,169
3699,2128
3700,4245
3701,3962
3702,1172
3703,3480
3704,5493
3705,2071
3706,2381
3707,1759
3708,5085
3709,3800
3710,1679
3711,5180
3712,3249
3713,475
3714,703
3715,1667
3716,3765
3717,5739
3718,865
3719,1711
3720,2767
3721,5421
3722,4135
3723,5068
3724,5035
3725,2806
3726,5716
3727,5390
3728,1528
3729,343
3730,3295
3731,1089
3732,1039
3733,102
3734,483
3735,3854
3736,1844
3737,2266
3738,339
3739,1222
3740,5765
3741,5090
3742,1339
3743,4910
3744,832
3745,3187
3746,3153
3747,4536
3748,1890
3749,4541
3750,155
3751,1690
3752,457
3753,5576
3754,2250
3755,4156
3756,3194
3757,1312
3758,5939
3759,5315
3760,3775
3761,3018
3762,3247
3763,1958
3764,5848
3765,258
3766,808
3767,2649
3768,1826
3769,1107
3770,548
3771,5310
3772,2918
3773,4738
3774,2510
3775,3636
3776,312
3777,2999
3778,479
3779,537
3780,3919
3781,4280
3782,4780
3783,5236
3784,3396
3785,1364
3786,4857
3787,2488
3788,5252
3789,3033
3790,4603
3791,2470
3792,4944
3793,5811
3794,4427
3795,898
3796,4
3797,1858
3798,4087
3799,3455
3800,4196
3801,838
3802,66
3803,2986
3804,721
3805,3834
3806,5276
3807,2224
3808,331
3809,2154
3810,76
3811,1325
3812,4001
3813,3634
3814,4185
3815,3378
3816,741
3817,1620
3818,2312
3819,3250
3820,1003
3821,2182
3822,2608
3823,3641
3824,1535
3825,342
3826,1449
3827,5337
3828,3269
3829,1914
3830,2019
3831,1491
3832,4284
3833,1560
3834,3027
3835,1791
3836,1212
3837,4415
3838,3336
3839,152
3840,4431
3841,5633
3842,5068
3843,1654
3844,2156
3845,3885
3846,3430
3847,2713
3848,2590
3849,2013
3850,684
3851,3694
3852,1075
3853,2777
3854,2901
3855,5666
3856,5520
3857,2661
3858,3357
3859,2529
3860,2002
3861,1326
3862,4178
3863,5337
3864,2623
3865,4460
3866,3387
3867,3040
3868,3291
3869,5477
3870,5960
3871,2238
3872,2983
3873,1199
3874,516
3875,5929
3876,4083
3877,5791
3878,4663
3879,2363
3880,1956
3881,5586
3882,4824
3883,194
3884,2081
3885,1158
3886,4688
3887,4452
3888,1527
3889,1495
3890,2697
3891,1228
3892,5837
3893,4754
3894,3590
3895,4645
3896,3602
3897,1543
3898,5404
3899,2722
3900,4305
3901,3952
3902,4142
3903,2296
3904,967
3905,5240
3906,1046
3907,2649
3908,4891
3909,5626
3910,4847
3911,3150
3912,1308
3913,3079
3914,1824
3915,1776
3916,4905
3917,3539
3918,5475
3919,1475
3920,4649
3921,2717
3922,4691
3923,3375
3924,138
3925,4601
3926,307
3927,4044
3928,2183
3929,3580
3930,1548
3931,4489
3932,5795
3933,835
3934,1519
3935,4937
3936,5618
3937,4449
3938,536
3939,5899
3940,1367
3941,2963
3942,5347
3943,2197
3944,3640
3945,5665
3946,2232
3947,4332
3948,4414
3949,5747
3950,5826
3951,4771
3952,4104
3953,109
3954,3006
3955,3725
3956,2271
3957,4681
3958,2335
3959,1600
3960,4771
3961,560
3962,1182
3963,825
3964,4149
3965,2756
3966,78
3967,1365
3968,270
3969,1405
3970,5454
3971,4867
3972,4060
3973,1630
3974,4935
3975,2788
3976,4237
3977,2163
3978,2965
3979,140
3980,5124
3981,250
3982,1491
3983,920
3984,473
3985,1755
3986,5407
3987,4891
3988,1629
3989,5396
3990,2300
3991,2071
3992,1451
3993,3414
3994,5382
3995,1253
3996,2025
3997,806
3998,1553
3999,3441
4000,4078
4001,1184
4002,2010
4003,2277
4004,2014
4005,159
4006,5711
4007,4383
4008,3424
4009,82
4010,2666
4011,1682
4012,2992
4013,427
4014,3640
4015,4118
4016,1137
4017,1433
4018,4232
4019,1741
4020,3850
4021,5680
4022,3136
4023,1892
4024,1649
4025,3426
4026,1481
4027,1889
4028,1158
4029,4460
4030,330
4031,2431
4032,4630
4033,5167
4034,2386
4035,740
4036,5664
4037,2602
4038,3167
4039,2587
4040,1667
4041,1025
4042,4059
4043,5858
4044,3398
4045,716
4046,5542
4047,3186
4048,2690
4049,4942
4050,991
4051,4854
4052,426
4053,1375
4054,92
4055,2939
4056,1771
4057,4089
4058,3626
4059,4867
4060,1086
4061,4412
4062,510
4063,2277
4064,4330
4065,3390
4066,1129
4067,2132
4068,1814
4069,2594
4070,442
4071,3146
4072,4364
4073,4868
4074,5229
4075,4610
4076,4201
4077,5167
4078,4881
4079,127
4080,3217
4081,5291
4082,4728
4083,172
4084,496
4085,5318
4086,2583
4087,4752
4088,3547
4089,5230
4090,3997
4091,4157
4092,4341
4093,4248
4094,1537
4095,2246
4096,4606
4097,1984
4098,4260
4099,1131
4100,165
4101,493
4102,373
4103,4274
4104,5805
4105,5824
4106,4003
4107,3684
4108,5454
4109,1769
4110,5325
4111,3457
4112,5427
4113,5782
4114,2965
4115,4864
4116,5697
4117,345
4118,3540
4119,3639
4120,1063
4121,5941
4122,2167
4123,5380
4124,1792
4125,3285
4126,5158
4127,1158
4128,837
4129,457
4130,4901
4131,2715
4132,4640
4133,3646
4134,5508
4135,2166
4136,476
4137,3512
4138,3969
4139,4188
4140,1128
4141,4478
4142,5277
4143,3660
4144,2698
4145,5363
4146,5260
4147,5753
4148,2000
4149,2924
4150,2358
4151,5541
4152,849
4153,1075
4154,171
4155,2843
4156,2563
4157,3783
4158,835
4159,4297
4160,3333
4161,174
4162,1634
4163,1352
4164,4268
4165,1496
4166,5083
4167,2602
4168,4236
4169,5217
4170,3244
4171,5327
4172,3852
4173,4306
4174,2935
4175,132
4176,1164
4177,2564
4178,3552
4179,3481
4180,2978
4181,3955
4182,2898
4183,5180
4184,3247
4185,2187
4186,4781
4187,4327
4188,5281
4189,2
4190,3546
4191,2835
4192,5857
4193,2562
4194,4303
4195,3928
4196,381
4197,1473
4198,1021
4199,2466
4200,1184
4201,1502
4202,1462
4203,1345
4204,3309
4205,5753
4206,1229
4207,13
4208,1419
4209,2320
4210,5846
4211,996
4212,1338
4213,5378
4214,2940
4215,1218
4216,5892
4217,866
4218,4673
4219,396
4220,1198
4221,4010
4222,1568
4223,4649
4224,2797
4225,3929
4226,4542
4227,573
4228,1846
4229,1947
4230,783
4231,275
4232,2766
4233,67
4234,2229
4235,6
4236,4240
4237,1607
4238,4019
4239,380
4240,1789
4241,3944
4242,3616
4243,1088
4244,477
4245,4173
4246,5288
4247,3802
4248,5523
4249,1691
4250,668
4251,509
4252,879
4253,35
4254,4648
4255,3405
4256,1166
4257,2600
4258,2949
4259,1131
4260,3324
4261,5147
4262,181
4263,5567
4264,89
4265,2613
4266,5548
4267,1041
4268,1624
4269,4848
4270,5823
4271,3748
4272,2516
4273,2226
4274,4788
4275,3279
4276,4782
4277,3352
4278,4809
4279,2600
4280,1106
4281,3227
4282,1696
4283,959
4284,5224
4285,5441
4286,40
4287,1525
4288,3606
4289,5122
4290,4487
4291,4712
4292,722
4293,1381
4294,3619
4295,1788
4296,1652
4297,1127
4298,5248
4299,1431
4300,2650
4301,4440
4302,4899
4303,5288
4304,454
4305,2514
4306,3974
4307,965
4308,642
4309,2454
4310,2404
4311,3457
4312,3380
4313,3813
4314,3604
4315,5142
4316,3948
4317,967
4318,5746
4319,4932
4320,698
4321,684
4322,664
4323,5206
4324,3452
4325,3805
4326,5021
4327,3309
4328,4181
4329,462
4330,1444
4331,1947
4332,4570
4333,2946
4334,1413
4335,3118
4336,4086
4337,907
4338,3096
4339,1192
4340,4221
4341,925
4342,3741
4343,4711
4344,3021
4345,5165
4346,4969
4347,5637
4348,3104
4349,5355
4350,4107
4351,3566
4352,2030
4353,5193
4354,61
4355,3321
4356,944
4357,3319
4358,2998
4359,2422
4360,2975
4361,3165
4362,5996
4363,5235
4364,283
4365,964
4366,1655
4367,3594
4368,1991
4369,3857
4370,336
4371,1978
4372,754
4373,5343
4374,3272
4375,5792
4376,5937
4377,3352
4378,4709
4379,1697
4380,3815
4381,5455
4382,4711
4383,1335
4384,694
4385,1197
4386,5385
4387,583
4388,63
4389,2247
4390,1411
4391,5179
4392,3494
4393,5432
4394,3004
4395,2800
4396,2273
4397,5504
4398,2045
4399,3086
4400,703
4401,5465
4402,2289
4403,3567
4404,3909
4405,4353
4406,2072
4407,2398
4408,3171
4409,4409
4410,4219
4411,2894
4412,1942
4413,745
4414,1402
4415,4292
4416,3366
4417,1133
4418,5360
4419,1954
4420,2688
4421,4849
4422,5704
4423,5552
4424,4686
4425,5764
4426,4649
4427,1545
4428,3921
4429,5308
4430,3901
4431,3247
4432,3297
4433,294
4434,5151
4435,5116
4436,315
4437,3223
4438,3907
4439,5511
4440,5481
4441,2276
4442,5071
4443,4287
4444,3552
4445,1083
4446,1447
4447,1783
4448,5811
4449,2877
4450,4199
4451,5726
4452,884
4453,1912
4454,1097
4455,1850
4456,139
4457,4644
4458,5958
4459,3904
4460,2943
4461,106
4462,217
4463,4866
4464,2673
4465,5772
4466,2287
4467,4949
4468,4264
4469,4213
4470,4171
4471,30
4472,4038
4473,3598
4474,1014
4475,5993
4476,250
4477,3690
4478,2451
4479,2182
4480,1503
4481,5439
4482,2017
4483,1329
4484,2594
4485,2882
4486,1033
4487,1579
4488,2864
4489,2093
4490,3495
4491,2122
4492,4190
4493,703
4494,4518
4495,1322
4496,1330
4497,112
4498,3540
4499,366
4500,63
4501,5631
4502,4357
4503,3479
4504,46
4505,731
4506,3635
4507,384
4508,4087
4509,3850
4510,4002
4511,4052
4512,4143
4513,2041
4514,5074
4515,1692
4516,1868
4517,1713
4518,5118
4519,89
4520,1427
4521,2
4522,3697
4523,602
4524,3058
4525,2175
4526,536
4527,1819
4528,2426
4529,3925
4530,1506
4531,4442
4532,3380
4533,5289
4534,5988
4535,2231
4536,1781
4537,1502
4538,3754
4539,167
4540,332
4541,4591
4542,3784
4543,5669
4544,1288
4545,5791
4546,4254
4547,2710
4548,4310
4549,1914
4550,4026
4551,2007
4552,2887
4553,4824
4554,1943
4555,165
4556,2257
4557,4126
4558,4899
4559,5161
4560,2620
4561,2896
4562,1438
4563,3422
4564,3885
4565,4295
4566,2894
4567,2256
4568,2303
4569,3995
4570,1055
4571,1267
4572,5340
4573,5389
4574,888
4575,1501
4576,4812
4577,5092
4578,2426
4579,4081
4580,4133
4581,722
4582,4017
4583,233
4584,2496
4585,1154
4586,5629
4587,3663
4588,4940
4589,3008
4590,1594
4591,472
4592,2428
4593,2852
4594,4458
4595,1358
4596,763
4597,3597
4598,597
4599,3640
4600,2240
4601,3030
4602,2279
4603,4584
4604,3116
4605,3256
4606,3352
4607,4336
4608,1440
4609,12
4610,4393
4611,658
4612,1596
4613,1403
4614,3129
4615,1251
4616,3506
4617,3668
4618,2919
4619,3628
4620,3801
4621,3961
4622,1442
4623,1757
4624,382
4625,710
4626,1117
4627,5677
4628,708
4629,1566
4630,174
4631,1378
4632,5484
4633,1668
4634,5061
4635,5385
4636,4976
4637,740
4638,3370
4639,3907
4640,1865
4641,2268
4642,1375
4643,4477
4644,5232
4645,1290
4646,2852
4647,3050
4648,1138
4649,1603
4650,5850
4651,3631
4652,524
4653,3308
4654,5455
4655,5290
4656,2566
4657,5593
4658,5080
4659,1184
4660,3964
4661,3040
4662,2509
4663,4882
4664,311
4665,2169
4666,5389
4667,2043
4668,2363
4669,3012
4670,5091
4671,4089
4672,2985
4673,3927
4674,672
4675,1285
4676,1045
4677,4755
4678,3960
4679,3840
4680,2898
4681,4530
4682,2057
4683,5788
4684,4248
4685,1871
4686,741
4687,965
4688,3256
4689,5825
4690,1153
4691,1226
4692,1894
4693,2581
4694,4549
4695,5068
4696,1637
4697,4104
4698,4836
4699,3458
4700,5009
4701,5982
4702,4902
4703,1909
4704,4982
4705,4674
4706,4673
4707,5871
4708,30
4709,5210
4710,407
4711,795
4712,359
4713,789
4714,2024
4715,921
4716,5346
4717,2692
4718,55
4719,1761
4720,3880
4721,3379
4722,154
4723,1169
4724,727
4725,5315
4726,2908
4727,3204
4728,362
4729,1685
4730,4333
4731,65
4732,487
4733,5972
4734,297
4735,4525
4736,4690
4737,3903
4738,3285
4739,718
4740,3951
4741,1235
4742,5733
4743,3694
4744,5509
4745,3809
4746,1675
4747,2152
4748,1262
4749,2881
4750,4491
4751,1170
4752,5194
4753,1618
4754,2474
4755,566
4756,4595
4757,3628
4758,2164
4759,47
4760,2075
4761,3764
4762,5852
4763,4125
4764,3681
4765,2892
4766,654
4767,20
4768,2851
4769,213
4770,4304
4771,5575
4772,4973
4773,3601
4774,4840
4775,4717
4776,3984
4777,5433
4778,4119
4779,1758
4780,1550
4781,5160
4782,4867
4783,3100
4784,5666
4785,147
4786,1058
4787,704
4788,3916
4789,3093
4790,2978
4791,2271
4792,1434
4793,122
4794,3093
4795,3113
4796,5778
4797,616
4798,3418
4799,4639
4800,380
4801,5478
4802,2727
4803,5294
4804,1324
4805,2666
4806,4610
4807,1612
4808,4988
4809,4786
4810,2623
4811,1438
4812,4153
4813,4830
4814,1556
4815,1971
4816,3780
4817,5768
4818,1800
4819,3777
4820,377
4821,5666
4822,3385
4823,3306
4824,3564
4825,5131
4826,3373
4827,3578
4828,2239
4829,5453
4830,5009
4831,5248
4832,1808
4833,1734
4834,3181
4835,2583
4836,559
4837,3952
4838,24
4839,2064
4840,1390
4841,4847
4842,1224
4843,1149
4844,2049
4845,5959
4846,4065
4847,2460
4848,196
4849,792
4850,1823
4851,5790
4852,5836
4853,3991
4854,5311
4855,515
4856,885
4857,3930
4858,407
4859,1860
4860,43
4861,5935
4862,3958
4863,4013
4864,1381
4865,5129
4866,6
4867,3141
4868,3227
4869,2217
4870,4894
4871,619
4872,3560
4873,4805
4874,2548
4875,2415
4876,3498
4877,4167
4878,352
4879,5322
4880,5590
4881,5797
4882,3515
4883,3450
4884,3001
4885,5336
4886,5318
4887,206
4888,138
4889,5643
4890,871
4891,2571
4892,4043
4893,2930
4894,318
4895,5577
4896,5982
4897,3492
4898,5159
4899,2541
4900,5187
4901,2535
4902,1960
4903,3875
4904,687
4905,5991
4906,105
4907,5479
4908,2889
4909,4642
4910,5779
4911,2160
4912,3887
4913,4099
4914,2353
4915,2186
4916,2869
4917,2393
4918,819
4919,3567
4920,2013
4921,5091
4922,2930
4923,4530
4924,4114
4925,3786
4926,334
4927,1287
4928,2238
4929,619
4930,3410
4931,2546
4932,1500
4933,1039
4934,4553
4935,5274
4936,72
4937,3017
4938,1674
4939,3658
4940,5778
4941,5692
4942,3087
4943,4388
4944,577
4945,1270
4946,1284
4947,4994
4948,4276
4949,1949
4950,5578
4951,3019
4952,4163
4953,5669
4954,1355
4955,1982
4956,1765
4957,1851
4958,4343
4959,2173
4960,1403
4961,5120
4962,3021
4963,1289
4964,2985
4965,4917
4966,4454
4967,1814
4968,4469
4969,2608
4970,2092
4971,1180
4972,3112
4973,4105
4974,4728
4975,1369
4976,3489
4977,3171
4978,3848
4979,3462
4980,5033
4981,1130
4982,1615
4983,84
4984,929
4985,4725
4986,5318
4987,3746
4988,2967
4989,1912
4990,3120
4991,2239
4992,5464
4993,698
4994,1004
4995,4070
4996,1391
4997,413
4998,947
4999,603
5000,2843
5001,95
5002,2321
5003,2800
5004,1407
5005,4172
5006,2321
5007,2868
5008,771
5009,574
5010,2097
5011,89
5012,2008
5013,3858
5014,4165
5015,144
5016,5385
5017,2328
5018,1607
5019,2355
5020,1373
5021,1367
5022,2252
5023,4639
5024,2329
5025,4266
5026,3617
5027,2716
5028,897
5029,3499
5030,2196
5031,3083
5032,3279
5033,1627
5034,1567
5035,5387
5036,3532
5037,5467
5038,3888
5039,1511
5040,1548
5041,3946
5042,5012
5043,5967
5044,1495
5045,2187
5046,1985
5047,2594
5048,705
5049,2193
5050,4979
5051,5941
5052,3994
5053,2122
5054,270
5055,1475
5056,833
5057,5270
5058,3458
5059,976
5060,2100
5061,323
5062,173
5063,4171
5064,1299
5065,2615
5066,26
5067,3632
5068,5555
5069,3800
5070,3383
5071,3320
5072,382
5073,3291
5074,2420
5075,4110
5076,2279
5077,3143
5078,5063
5079,4942
5080,2411
5081,5285
5082,5933
5083,4235
5084,3507
5085,4359
5086,5755
5087,2333
5088,934
5089,2738
5090,3314
5091,1766
5092,3980
5093,5609
5094,2609
5095,1184
5096,237
5097,599
5098,4676
5099,4789
5100,663
5101,5881
5102,3771
5103,5066
5104,3007
5105,741
5106,2949
5107,4600
5108,4894
5109,4555
5110,2267
5111,1960
5112,2317
5113,167
5114,4921
5115,5083
5116,3244
5117,3136
5118,2183
5119,579
5120,3019
5121,2225
5122,5078
5123,2338
5124,3884
5125,2017
5126,3909
5127,2845
5128,1231
5129,2832
5130,531
5131,2124
5132,4813
5133,2448
5134,2399
5135,4064
5136,1969
5137,3853
5138,3948
5139,818
5140,624
5141,4043
5142,3104
5143,4068
5144,3577
5145,2156
5146,3979
5147,1174
5148,2232
5149,3210
5150,3285
5151,2856
5152,404
5153,4615
5154,2016
5155,2119
5156,1016
5157,3806
5158,3565
5159,1494
5160,463
5161,3333
5162,3290
5163,809
5164,488
5165,642
5166,5209
5167,5265
5168,489
5169,951
5170,5084
5171,4415
5172,4688
5173,1467
5174,4236
5175,5239
5176,1669
5177,5911
5178,88
5179,1667
5180,5035
5181,5289
5182,2859
5183,1632
5184,4245
5185,3176
5186,3510
5187,825
5188,421
5189,1462
5190,1997
5191,447
5192,3312
5193,5131
5194,4030
5195,3585
5196,669
5197,3187
5198,2891
5199,3230
5200,3532
5201,1990
5202,5097
5203,3252
5204,2835
5205,3471
5206,225
5207,4723
5208,1076
5209,1308
5210,3715
5211,5652
5212,4346
5213,5201
5214,4843
5215,4256
5216,5394
5217,4217
5218,1740
5219,430
5220,5991
5221,5563
5222,2600
5223,1372
5224,3749
5225,3861
5226,5537
5227,1928
5228,5503
5229,5527
5230,2346
5231,956
5232,4140
5233,5710
5234,3399
5235,565
5236,1404
5237,1019
5238,3748
5239,4782
5240,5065
5241,2288
5242,3681
5243,3102
5244,4617
5245,854
5246,90
5247,4346
5248,2559
5249,2366
5250,836
5251,3752
5252,4801
5253,4434
5254,1107
5255,577
5256,2884
5257,3847
5258,5385
5259,4626
5260,5411
5261,482
5262,5626
5263,3232
5264,3695
5265,900
5266,2827
5267,2837
5268,4560
5269,2323
5270,4856
5271,2571
5272,4474
5273,5206
5274,260
5275,5556
5276,2203
5277,5052
5278,5755
5279,1220
5280,4112
5281,3450
5282,2804
5283,2075
5284,1175
5285,1279
5286,210
5287,2499
5288,5456
5289,2246
5290,3946
5291,3394
5292,3964
5293,2968
5294,766
5295,4476
5296,1672
5297,4411
5298,2424
5299,5273
5300,5347
5301,5226
5302,1827
5303,2862
5304,2058
5305,754
5306,1554
5307,3339
5308,5492
5309,2215
5310,3380
5311,1888
5312,1257
5313,577
5314,2623
5315,5277
5316,3951
5317,390
5318,4441
5319,1156
5320,2892
5321,1781
5322,1142
5323,4845
5324,1775
5325,2476
5326,1388
5327,2294
5328,2026
5329,935
5330,898
5331,3269
5332,1688
5333,3462
5334,2823
5335,5164
5336,4076
5337,5033
5338,4094
5339,1575
5340,5898
5341,4139
5342,647
5343,868
5344,4142
5345,5240
5346,3993
5347,272
5348,3130
5349,1195
5350,2188
5351,1754
5352,3838
5353,377
5354,851
5355,2310
5356,4400
5357,2676
5358,3606
5359,3393
5360,731
5361,717
5362,5294
5363,5356
5364,787
5365,1881
5366,5257
5367,3543
5368,4742
5369,191
5370,5181
5371,1083
5372,5774
5373,3067
5374,2073
5375,3603
5376,980
5377,2322
5378,3319
5379,5976
5380,5262
5381,3490
5382,5630
5383,1416
5384,3609
5385,4437
5386,2980
5387,5203
5388,5730
5389,4659
5390,3713
5391,5105
5392,4045
5393,2896
5394,3038
5395,4035
5396,5065
5397,4505
5398,2444
5399,4981
5400,379
5401,1510
5402,178
5403,204
5404,4967
5405,1565
5406,1726
5407,5122
5408,3405
5409,4947
5410,2812
5411,4699
5412,4911
5413,4639
5414,5092
5415,194
5416,4641
5417,3133
5418,4958
5419,3285
5420,2089
5421,3180
5422,3393
5423,2795
5424,774
5425,3029
5426,969
5427,2078
5428,3789
5429,3432
5430,4310
5431,4296
5432,1727
5433,532
5434,5169
5435,782
5436,1926
5437,1475
5438,1338
5439,2067
5440,5662
5441,1472
5442,4892
5443,4987
5444,1440
5445,534
5446,3202
5447,2621
5448,922
5449,5174
5450,787
5451,1891
5452,890
5453,1380
5454,4777
5455,2161
5456,3017
5457,1183
5458,912
5459,3072
5460,1652
5461,3387
5462,4553
5463,4086
5464,438
5465,1101
5466,2110
5467,2612
5468,4994
5469,1202
5470,5280
5471,908
5472,2859
5473,5148
5474,1468
5475,2092
5476,246
5477,4299
5478,5116
5479,3291
5480,3895
5481,931
5482,3625
5483,2287
5484,1401
5485,1439
5486,798
5487,1673
5488,5610
5489,3027
5490,2361
5491,3086
5492,2578
5493,3014
5494,1754
5495,3938
5496,5364
5497,612
5498,5342
5499,5587
5500,3180
5501,430
5502,4933
5503,5519
5504,2457
5505,2620
5506,3103
5507,3171
5508,4244
5509,5217
5510,661
5511,2178
5512,3054
5513,2217
5514,3108
5515,4286
5516,425
5517,642
5518,548
5519,4598
5520,5245
5521,5971
5522,2054
5523,1275
5524,2586
5525,1917
5526,1885
5527,2528
5528,205
5529,3837
5530,1892
5531,4175
5532,2187
5533,3643
5534,3085
5535,4114
5536,5882
5537,5459
5538,3065
5539,932
5540,4623
5541,5406
5542,675
5543,789
5544,2226
5545,3899
5546,2662
5547,4115
5548,5390
5549,447
5550,2303
5551,2924
5552,1797
5553,5126
5554,190
5555,3853
5556,4241
5557,5396
5558,3462
5559,69
5560,4132
5561,1725
5562,1844
5563,1595
5564,2625
5565,3549
5566,1260
5567,1208
5568,4211
5569,1942
5570,4910
5571,5315
5572,683
5573,244
5574,4184
5575,888
5576,3623
5577,1278
5578,3573
5579,2531
5580,1758
5581,5787
5582,4371
5583,63
5584,2872
5585,893
5586,3538
5587,2166
5588,1690
5589,5519
5590,2216
5591,1987
5592,479
5593,1815
5594,5906
5595,1164
5596,1106
5597,5656
5598,2725
5599,917
5600,1849
5601,3384
5602,4003
5603,1027
5604,1643
5605,5480
5606,2505
5607,4527
5608,1937
5609,245
5610,1620
5611,786
5612,3018
5613,665
5614,1011
5615,1555
5616,5609
5617,2383
5618,4824
5619,1674
5620,2458
5621,3298
5622,5945
5623,3184
5624,4402
5625,5296
5626,3635
5627,1093
5628,2739
5629,2048
5630,4894
5631,3182
5632,3806
5633,2381
5634,2571
5635,4761
5636,707
5637,3054
5638,3465
5639,3582
5640,2772
5641,4500
5642,3527
5643,5428
5644,4537
5645,1519
5646,3124
5647,3260
5648,60
5649,4573
5650,5619
5651,5982
5652,5364
5653,2608
5654,3227
5655,5647
5656,5311
5657,2843
5658,1450
5659,2460
5660,2471
5661,3961
5662,4233
5663,4261
5664,1688
5665,5482
5666,2346
5667,1321
5668,4520
5669,986
5670,4670
5671,1657
5672,3140
5673,4016
5674,227
5675,1180
5676,220
5677,2512
5678,5546
5679,2975
5680,1365
5681,5773
5682,663
5683,1990
5684,3549
5685,1455
5686,3378
5687,4996
5688,635
5689,2508
5690,123
5691,3683
5692,1843
5693,263
5694,4330
5695,5568
5696,569
5697,4226
5698,4628
5699,1318
5700,1342
5701,1408
5702,5594
5703,789
5704,518
5705,4796
5706,4395
5707,1486
5708,3274
5709,5663
5710,985
5711,2815
5712,4664
5713,1298
5714,2169
5715,3526
5716,5032
5717,865
5718,4868
5719,851
5720,3178
5721,5112
5722,651
5723,62
5724,3067
5725,3325
5726,1175
5727,1714
5728,3287
5729,3337
5730,3102
5731,3541
5732,3320
5733,4308
5734,1538
5735,405
5736,4556
5737,5884
5738,2803
5739,2192
5740,1300
5741,3970
5742,4101
5743,3263
5744,4809
5745,4033
5746,1916
5747,3265
5748,4618
5749,4060
5750,371
5751,3664
5752,5328
5753,4610
5754,541
5755,530
5756,4978
5757,4912
5758,179
5759,895
5760,1028
5761,5636
5762,2427
5763,5833
5764,5962
5765,1642
5766,5129
5767,956
5768,5003
5769,5317
5770,5424
5771,884
5772,4081
5773,2059
5774,2225
5775,4230
5776,940
5777,1325
5778,2964
5779,5372
5780,5446
5781,786
5782,292
5783,5728
5784,865
5785,1263
5786,4357
5787,3923
5788,5965
5789,53
5790,4769
5791,3659
5792,2518
5793,87
5794,1359
5795,4647
5796,2633
5797,1878
5798,965
5799,752
5800,2983
5801,3786
5802,516
5803,2319
5804,4883
5805,2544
5806,2690
5807,933
5808,2325
5809,3355
5810,3990
5811,2778
5812,721
5813,5464
5814,459
5815,2997
5816,2097
5817,1314
5818,695
5819,5189
5820,3471
5821,5630
5822,1782
5823,3082
5824,4559
5825,3284
5826,575
5827,2867
5828,2729
5829,1131
5830,3336
5831,293
5832,2372
5833,3728
5834,469
5835,916
5836,4078
5837,4499
5838,3276
5839,929
5840,4584
5841,1726
5842,4884
5843,5888
5844,3310
5845,370
5846,1804
5847,501
5848,3765
5849,1583
5850,696
5851,2395
5852,3660
5853,2256
5854,5957
5855,5088
5856,1525
5857,1730
5858,1150
5859,4897
5860,4285
5861,5919
5862,5095
5863,2973
5864,3463
5865,1882
5866,5623
5867,2280
5868,1367
5869,3993
5870,2787
5871,3839
5872,2841
5873,5754
5874,4148
5875,4274
5876,946
5877,4628
5878,1403
5879,451
5880,2975
5881,2571
5882,4523
5883,1210
5884,1530
5885,1807
5886,1700
5887,1346
5888,3611
5889,4354
5890,5152
5891,5556
5892,4858
5893,4964
5894,5254
5895,1053
5896,5794
5897,2685
5898,1324
5899,5199
5900,4417
5901,1094
5902,2522
5903,5745
5904,1725
5905,4516
5906,2378
5907,980
5908,4465
5909,1666
5910,1611
5911,4291
5912,4036
5913,4714
5914,5732
5915,1829
5916,5418
5917,1519
5918,2885
5919,5027
5920,1220
5921,778
5922,3002
5923,816
5924,4595
5925,2159
5926,73
5927,5658
5928,2330
5929,5020
5930,3898
5931,3964
5932,5761
5933,2574
5934,4102
5935,3005
5936,4758
5937,591
5938,3192
5939,1337
5940,3998
5941,2704
5942,1153
5943,4505
5944,4841
5945,4206
5946,1960
5947,3137
5948,5507
5949,1652
5950,4637
5951,1015
5952,4822
5953,5469
5954,1774
5955,3643
5956,4877
5957,5637
5958,1347
5959,967
5960,1860
5961,2747
5962,5028
5963,3412
5964,811
5965,1797
5966,2779
5967,2726
5968,3785
5969,272
5970,5780
5971,278
5972,1981
5973,5761
5974,3601
5975,1658
5976,1328
5977,4797
5978,1497
5979,4850
5980,2934
5981,5698
5982,4096
5983,626
5984,3044
5985,1984
5986,4978
5987,5799
5988,4795
5989,1048
5990,1609
5991,3848
5992,2498
5993,4815
5994,2111
5995,2395
5996,2722
5997,190
5998,4989
5999,3008
