0,4035
1,2640
2,4875
3,3486
4,543
5,2845
6,1735
7,166
8,4278
9,766
10,4072
11,3347
12,477
13,4888
14,506
15,2864
16,3552
17,4279
18,3703
19,4465
20,628
21,4071
22,602
23,1066
24,4217
25,315
26,818
27,552
28,31
29,4536
30,1394
31,4745
32,4561
33,1036
34,2597
35,1618
36,4351
37,409
38,4958
39,653
40,4933
41,1224
42,1526
43,1629
44,281
45,3491
46,2687
47,2224
48,282
49,204
50,1669
51,191
52,3148
53,1851
54,1653
55,2821
56,3960
57,1416
58,3517
59,2186
60,1807
61,3373
62,2586
63,1795
64,3463
65,3943
66,2529
67,4359
68,2151
69,3761
70,813
71,2808
72,3268
73,3677
74,2223
75,76
76,1854
77,3248
78,100
79,3216
80,1925
81,4017
82,3200
83,1984
84,693
85,3598
86,2136
87,3877
88,4728
89,682
90,245
91,1875
92,4682
93,4031
94,4492
95,3838
96,4864
97,556
98,3443
99,2129
100,1410
101,3787
102,3238
103,3746
104,3000
105,1850
106,1119
107,4197
108,1312
109,4851
110,4500
111,3339
112,2357
113,1578
114,3115
115,1111
116,1571
117,19
118,2352
119,4606
120,3231
121,2094
122,3191
123,80
124,292
125,3360
126,588
127,3175
128,880
129,2775
130,1303
131,3659
132,1293
133,1641
134,2694
135,1031
136,3843
137,490
138,3539
139,1028
140,962
141,4048
142,2365
143,335
144,1125
145,3132
146,1650
147,3378
148,3251
149,4968
150,3833
151,1828
152,2768
153,1295
154,3365
155,1893
156,912
157,4318
158,1790
159,1291
160,4107
161,2325
162,1114
163,666
164,4587
165,2065
166,3265
167,1291
168,74
169,1489
170,1070
171,1980
172,4977
173,1507
174,457
175,1040
176,283
177,515
178,4961
179,594
180,2025
181,3063
182,4535
183,1251
184,2982
185,2202
186,2605
187,670
188,2826
189,2427
190,6
191,109
192,604
193,3313
194,847
195,4754
196,4209
197,429
198,3155
199,3763
200,985
201,1372
202,3644
203,762
204,912
205,176
206,3357
207,4616
208,610
209,3826
210,1045
211,70
212,3976
213,2910
214,4149
215,2920
216,2295
217,3186
218,4299
219,3718
220,2399
221,2948
222,3871
223,832
224,4945
225,2720
226,2794
227,4062
228,978
229,1163
230,4455
231,1401
232,340
233,3454
234,314
235,3706
236,3620
237,4818
238,1789
239,2932
240,2550
241,4237
242,1161
243,4880
244,4612
245,1783
246,2433
247,2030
248,1190
249,4252
250,4793
251,3346
252,2211
253,3965
254,3110
255,1786
256,3181
257,4029
258,1056
259,2147
260,27
261,3685
262,2658
263,851
264,2192
265,3260
266,4043
267,2463
268,3936
269,2287
270,3724
271,2609
272,2355
273,2209
274,4249
275,1749
276,2506
277,4431
278,2245
279,2752
280,1959
281,2563
282,2717
283,3206
284,1121
285,3570
286,4671
287,599
288,2876
289,3788
290,4692
291,4845
292,4015
293,944
294,4624
295,1052
296,1639
297,2257
298,3307
299,4390
300,4761
301,1265
302,3047
303,4210
304,1589
305,1841
306,4681
307,4176
308,246
309,2938
310,4533
311,132
312,525
313,187
314,1275
315,405
316,4934
317,3223
318,726
319,793
320,930
321,906
322,122
323,183
324,4443
325,2352
326,3869
327,2464
328,2894
329,2018
330,2710
331,2314
332,283
333,4918
334,1530
335,811
336,80
337,1985
338,4358
339,1414
340,4803
341,2052
342,47
343,2693
344,2430
345,2081
346,1157
347,1972
348,1805
349,4672
350,1022
351,558
352,1835
353,3338
354,135
355,870
356,306
357,4321
358,1196
359,875
360,402
361,2642
362,537
363,1457
364,1392
365,840
366,2017
367,64
368,1696
369,3494
370,2731
371,4043
372,1158
373,1929
374,2861
375,4472
376,3317
377,2640
378,897
379,863
380,2842
381,217
382,3172
383,3624
384,1299
385,753
386,789
387,773
388,2961
389,1959
390,1835
391,3585
392,501
393,4029
394,4655
395,1140
396,4911
397,3916
398,2624
399,3469
400,2217
401,4579
402,101
403,3099
404,3578
405,1877
406,637
407,4239
408,750
409,3844
410,666
411,3489
412,3931
413,1661
414,2164
415,845
416,2598
417,2290
418,3986
419,738
420,1980
421,789
422,4548
423,2879
424,3853
425,2104
426,2780
427,4602
428,4002
429,4998
430,258
431,1719
432,4623
433,4605
434,1262
435,4041
436,2324
437,1387
438,465
439,2672
440,2829
441,2914
442,1220
443,1255
444,4785
445,3962
446,642
447,3600
448,2480
449,1241
450,3874
451,4335
452,4102
453,3969
454,1972
455,240
456,4756
457,3422
458,2444
459,477
460,3621
461,1674
462,4340
463,4136
464,1070
465,991
466,3372
467,89
468,4359
469,1353
470,3485
471,357
472,3542
473,1965
474,2644
475,4276
476,1659
477,674
478,2466
479,1421
480,4261
481,2939
482,1623
483,656
484,347
485,3301
486,1446
487,2599
488,824
489,3915
490,4788
491,498
492,933
493,4044
494,2546
495,3374
496,2970
497,3606
498,4851
499,4585
500,4208
501,4329
502,759
503,3340
504,2749
505,418
506,4589
507,333
508,4570
509,4098
510,559
511,2800
512,881
513,1451
514,2695
515,2986
516,1760
517,4807
518,4368
519,1754
520,4955
521,3188
522,2239
523,2925
524,2926
525,2328
526,4048
527,4892
528,311
529,2805
530,1461
531,3123
532,4098
533,4169
534,1017
535,3560
536,1014
537,1572
538,4019
539,62
540,1301
541,4647
542,3702
543,1286
544,1225
545,2190
546,173
547,4921
548,1425
549,4033
550,220
551,812
552,4019
553,2949
554,425
555,1777
556,4531
557,1497
558,1946
559,2358
560,1658
561,2536
562,4248
563,2420
564,602
565,4571
566,3192
567,4125
568,3533
569,4768
570,2283
571,3451
572,4966
573,595
574,1131
575,858
576,3975
577,3327
578,182
579,4665
580,2945
581,384
582,351
583,4218
584,1722
585,3288
586,4383
587,1395
588,1649
589,3685
590,4675
591,3240
592,3797
593,4516
594,55
595,4487
596,1227
597,1188
598,1080
599,4888
600,4574
601,4009
602,503
603,4207
604,2537
605,2187
606,1898
607,4551
608,2032
609,4882
610,1076
611,1365
612,69
613,3081
614,3317
615,2102
616,2654
617,4988
618,4124
619,3558
620,1435
621,4247
622,664
623,190
624,4493
625,1116
626,382
627,3353
628,2250
629,1704
630,1173
631,3387
632,3589
633,1099
634,1061
635,1911
636,1947
637,4363
638,4998
639,4123
640,3648
641,3100
642,1069
643,442
644,3312
645,1542
646,2265
647,3622
648,106
649,4538
650,4372
651,343
652,3030
653,3434
654,2373
655,3693
656,4758
657,2308
658,4050
659,3982
660,3923
661,819
662,4514
663,156
664,1839
665,4963
666,761
667,3390
668,951
669,4119
670,2244
671,1481
672,4940
673,608
674,980
675,3251
676,1375
677,3348
678,4297
679,2452
680,2361
681,4376
682,547
683,1018
684,549
685,2259
686,1413
687,2671
688,4765
689,2393
690,1974
691,1849
692,3273
693,2393
694,4556
695,3854
696,278
697,4940
698,2253
699,2289
700,2818
701,1618
702,3792
703,2230
704,2766
705,2275
706,422
707,3573
708,373
709,4862
710,4159
711,734
712,881
713,2594
714,3918
715,4138
716,37
717,1542
718,4278
719,1898
720,3740
721,4023
722,622
723,255
724,4688
725,3126
726,2559
727,4949
728,3367
729,2027
730,2967
731,3804
732,1072
733,3642
734,3710
735,3148
736,1283
737,4272
738,590
739,1956
740,287
741,3770
742,2624
743,2879
744,189
745,1098
746,168
747,981
748,3809
749,4744
750,1978
751,2769
752,2689
753,3641
754,1766
755,4644
756,4445
757,1766
758,1287
759,1525
760,1974
761,3811
762,1066
763,314
764,524
765,3082
766,1314
767,1376
768,3456
769,467
770,3472
771,3236
772,856
773,2235
774,3791
775,3772
776,1417
777,959
778,2798
779,4172
780,3758
781,459
782,1646
783,1696
784,558
785,4347
786,2267
787,3179
788,2204
789,3372
790,1248
791,802
792,4368
793,3576
794,267
795,2721
796,2491
797,2941
798,3079
799,239
800,1111
801,1209
802,88
803,2040
804,2117
805,3732
806,1130
807,4663
808,1736
809,4306
810,3866
811,4014
812,1919
813,3036
814,2454
815,3476
816,1472
817,585
818,968
819,4457
820,912
821,3294
822,4821
823,1969
824,2655
825,807
826,1148
827,2954
828,4816
829,4216
830,4378
831,3124
832,4142
833,4974
834,3259
835,4045
836,4793
837,1731
838,3795
839,3742
840,560
841,849
842,4978
843,3645
844,1481
845,2574
846,4437
847,3367
848,1764
849,1200
850,3049
851,122
852,3677
853,2014
854,3339
855,3780
856,144
857,2339
858,4563
859,2860
860,2023
861,576
862,4495
863,2243
864,1487
865,4036
866,3052
867,1694
868,737
869,1762
870,2631
871,3043
872,2980
873,1224
874,3977
875,1902
876,1407
877,4399
878,4345
879,223
880,3884
881,4724
882,1363
883,433
884,2289
885,2010
886,1646
887,2529
888,1320
889,4377
890,3836
891,4121
892,1222
893,3143
894,1058
895,856
896,2896
897,4081
898,2295
899,2432
900,1057
901,4807
902,506
903,3404
904,920
905,2377
906,2700
907,964
908,1910
909,3194
910,332
911,4678
912,3486
913,3976
914,761
915,2443
916,3517
917,1012
918,4130
919,1667
920,3273
921,1100
922,2577
923,2669
924,1246
925,858
926,863
927,3080
928,4891
929,3649
930,2753
931,47
932,3220
933,420
934,567
935,1980
936,1528
937,2907
938,1253
939,212
940,4482
941,2274
942,979
943,562
944,4605
945,2488
946,2519
947,3139
948,2200
949,801
950,4714
951,2206
952,1513
953,1840
954,72
955,4398
956,3093
957,3109
958,649
959,397
960,1166
961,3463
962,676
963,2174
964,4214
965,358
966,4652
967,2271
968,4632
969,2183
970,2130
971,946
972,4126
973,1989
974,729
975,142
976,1660
977,520
978,2697
979,4535
980,4267
981,4293
982,620
983,4774
984,3578
985,4850
986,2684
987,1038
988,3999
989,772
990,3325
991,2109
992,700
993,3839
994,4247
995,4026
996,4852
997,873
998,3795
999,81
1000,4732
1001,3211
1002,4902
1003,4889
1004,3854
1005,4605
1006,4372
1007,4759
1008,3209
1009,1269
1010,4780
1011,4664
1012,3853
1013,2212
1014,3602
1015,3392
1016,1218
1017,4229
1018,4594
1019,50
1020,1456
1021,1283
1022,3199
1023,4242
1024,2192
1025,3606
1026,3627
1027,703
1028,1890
1029,633
1030,4305
1031,4151
1032,3816
1033,2795
1034,3862
1035,38
1036,4623
1037,1031
1038,1998
1039,1591
1040,750
1041,723
1042,1939
1043,4309
1044,343
1045,2650
1046,1848
1047,2662
1048,1187
1049,2910
1050,1444
1051,1693
1052,2634
1053,3878
1054,2194
1055,642
1056,816
1057,4119
1058,2910
1059,1952
1060,1011
1061,4610
1062,4993
1063,2724
1064,3304
1065,1378
1066,2725
1067,2053
1068,3885
1069,4968
1070,3820
1071,2699
1072,3345
1073,2173
1074,594
1075,3552
1076,2752
1077,2915
1078,708
1079,3574
1080,1907
1081,4336
1082,4672
1083,1332
1084,2524
1085,344
1086,2244
1087,3465
1088,4799
1089,2494
1090,1434
1091,1459
1092,203
1093,1167
1094,1449
1095,4379
1096,4112
1097,3844
1098,799
1099,3401
1100,395
1101,778
1102,4650
1103,4664
1104,3101
1105,1263
1106,358
1107,3246
1108,3498
1109,4674
1110,424
1111,1771
1112,3332
1113,3312
1114,4154
1115,1627
1116,2344
1117,2703
1118,1495
1119,3017
1120,4864
1121,4808
1122,2534
1123,3169
1124,3592
1125,2542
1126,2691
1127,618
1128,308
1129,3638
1130,2160
1131,2767
1132,470
1133,3666
1134,4996
1135,3201
1136,1598
1137,3805
1138,682
1139,1723
1140,3153
1141,3277
1142,2298
1143,4841
1144,2148
1145,1080
1146,4772
1147,1437
1148,1674
1149,1397
1150,2512
1151,4303
1152,2153
1153,3105
1154,4763
1155,265
1156,2955
1157,3930
1158,1756
1159,3780
1160,72
1161,547
1162,1829
1163,603
1164,497
1165,3572
1166,3709
1167,4858
1168,3535
1169,1965
1170,4426
1171,2762
1172,138
1173,775
1174,4555
1175,2612
1176,1118
1177,1743
1178,2660
1179,1783
1180,991
1181,824
1182,2123
1183,4392
1184,2109
1185,2499
1186,3799
1187,3053
1188,2410
1189,4078
1190,1904
1191,1998
1192,2009
1193,863
1194,4417
1195,1960
1196,1713
1197,2443
1198,2658
1199,3151
1200,4430
1201,2264
1202,3946
1203,2584
1204,3545
1205,1363
1206,2466
1207,2816
1208,645
1209,4382
1210,765
1211,3108
1212,491
1213,498
1214,4483
1215,7
1216,4680
1217,613
1218,877
1219,2617
1220,2129
1221,3671
1222,1627
1223,1370
1224,3761
1225,4039
1226,3832
1227,3579
1228,2713
1229,2805
1230,1063
1231,1780
1232,1886
1233,1836
1234,3287
1235,136
1236,4153
1237,1342
1238,586
1239,2874
1240,1663
1241,3699
1242,3683
1243,954
1244,4857
1245,728
1246,4566
1247,2295
1248,3062
1249,1152
1250,3249
1251,1635
1252,1163
1253,2922
1254,2168
1255,4766
1256,4629
1257,1590
1258,991
1259,3663
1260,46
1261,3349
1262,2928
1263,4990
1264,4691
1265,4452
1266,1004
1267,4775
1268,1278
1269,2028
1270,3710
1271,1636
1272,319
1273,2298
1274,1819
1275,227
1276,4317
1277,278
1278,270
1279,1950
1280,235
1281,4418
1282,3072
1283,941
1284,2013
1285,1953
1286,2492
1287,1900
1288,3729
1289,4385
1290,3529
1291,98
1292,1131
1293,6
1294,2656
1295,1488
1296,361
1297,485
1298,2741
1299,353
1300,2813
1301,1242
1302,3611
1303,3196
1304,1289
1305,3366
1306,2512
1307,3291
1308,4348
1309,1776
1310,2128
1311,1784
1312,2283
1313,4791
1314,4125
1315,1379
1316,651
1317,4857
1318,1763
1319,2802
1320,2026
1321,4067
1322,154
1323,814
1324,261
1325,3918
1326,1468
1327,1325
1328,1860
1329,1778
1330,4031
1331,3049
1332,1634
1333,1394
1334,3125
1335,2413
1336,3705
1337,827
1338,2790
1339,1247
1340,3018
1341,2762
1342,1351
1343,1135
1344,193
1345,1769
1346,1964
1347,1938
1348,1527
1349,1670
1350,4681
1351,1739
1352,2738
1353,441
1354,4014
1355,4895
1356,3687
1357,1359
1358,2129
1359,4451
1360,1952
1361,2743
1362,3253
1363,3853
1364,2776
1365,1153
1366,4135
1367,3451
1368,3130
1369,2182
1370,1794
1371,379
1372,1570
1373,4888
1374,2641
1375,3681
1376,3163
1377,4478
1378,2977
1379,3574
1380,2504
1381,3076
1382,273
1383,4939
1384,3326
1385,2581
1386,3818
1387,2722
1388,622
1389,974
1390,1640
1391,4645
1392,3489
1393,3001
1394,2115
1395,1950
1396,3868
1397,1410
1398,3039
1399,1386
1400,4674
1401,3818
1402,1174
1403,851
1404,3057
1405,1461
1406,2632
1407,4648
1408,3620
1409,1074
1410,4857
1411,2971
1412,4760
1413,3847
1414,3545
1415,1479
1416,2203
1417,1038
1418,729
1419,371
1420,3734
1421,3376
1422,4960
1423,1480
1424,979
1425,4204
1426,349
1427,1547
1428,2809
1429,4827
1430,3215
1431,4527
1432,4852
1433,2252
1434,704
1435,2866
1436,4210
1437,975
1438,3105
1439,3858
1440,4441
1441,4728
1442,1919
1443,3340
1444,51
1445,1842
1446,579
1447,2145
1448,4723
1449,2686
1450,4495
1451,4942
1452,2314
1453,3583
1454,3155
1455,2942
1456,386
1457,4218
1458,224
1459,814
1460,4396
1461,1567
1462,3092
1463,748
1464,2012
1465,950
1466,1732
1467,1021
1468,3194
1469,1553
1470,1592
1471,1282
1472,3012
1473,3292
1474,4263
1475,4750
1476,3230
1477,747
1478,2852
1479,1343
1480,3500
1481,2617
1482,224
1483,4142
1484,4534
1485,4888
1486,3399
1487,2157
1488,1970
1489,1313
1490,2159
1491,4396
1492,1616
1493,369
1494,4994
1495,2247
1496,4438
1497,4439
1498,972
1499,2472
1500,2228
1501,2454
1502,520
1503,3836
1504,4378
1505,3115
1506,2062
1507,549
1508,4405
1509,4181
1510,4999
1511,1564
1512,2992
1513,163
1514,2225
1515,2208
1516,3319
1517,966
1518,3405
1519,4767
1520,3655
1521,4477
1522,2734
1523,2920
1524,1834
1525,3927
1526,4044
1527,1195
1528,2550
1529,3521
1530,4318
1531,462
1532,2573
1533,3667
1534,2279
1535,4820
1536,695
1537,2073
1538,3279
1539,76
1540,1899
1541,435
1542,2738
1543,84
1544,181
1545,3585
1546,253
1547,615
1548,1713
1549,4951
1550,1892
1551,1234
1552,677
1553,2793
1554,2985
1555,1599
1556,1981
1557,4315
1558,560
1559,3684
1560,2432
1561,4544
1562,1518
1563,1388
1564,3976
1565,2557
1566,1463
1567,1759
1568,2879
1569,1752
1570,2054
1571,3952
1572,1205
1573,4530
1574,2351
1575,2691
1576,1405
1577,1319
1578,3768
1579,4593
1580,3215
1581,3102
1582,4295
1583,3977
1584,225
1585,4473
1586,4629
1587,4077
1588,3894
1589,3955
1590,1680
1591,110
1592,216
1593,2488
1594,4926
1595,2093
1596,2
1597,1838
1598,2637
1599,1479
1600,2750
1601,614
1602,1335
1603,2412
1604,2846
1605,3063
1606,3571
1607,2749
1608,2454
1609,3239
1610,359
1611,1719
1612,4446
1613,4902
1614,4913
1615,4304
1616,4245
1617,4258
1618,909
1619,645
1620,1232
1621,273
1622,1361
1623,4790
1624,1443
1625,3630
1626,3596
1627,4350
1628,4710
1629,3667
1630,2980
1631,354
1632,609
1633,2783
1634,4823
1635,2574
1636,2586
1637,556
1638,1322
1639,126
1640,483
1641,1063
1642,4061
1643,4568
1644,3057
1645,997
1646,4039
1647,2556
1648,358
1649,1159
1650,1445
1651,1836
1652,2896
1653,4138
1654,1086
1655,1886
1656,3163
1657,2846
1658,747
1659,2811
1660,2921
1661,56
1662,858
1663,2315
1664,882
1665,389
1666,457
1667,95
1668,270
1669,2662
1670,727
1671,4107
1672,2575
1673,2131
1674,2846
1675,2598
1676,4452
1677,3493
1678,29
1679,4255
1680,3232
1681,1053
1682,1706
1683,2734
1684,858
1685,3346
1686,2997
1687,292
1688,77
1689,1026
1690,1319
1691,2439
1692,4127
1693,753
1694,2105
1695,2438
1696,4686
1697,3031
1698,1457
1699,718
1700,342
1701,4921
1702,703
1703,4279
1704,3968
1705,1790
1706,3175
1707,3630
1708,1053
1709,3164
1710,823
1711,4887
1712,2304
1713,3262
1714,4999
1715,1310
1716,305
1717,3933
1718,4144
1719,99
1720,1525
1721,1193
1722,1685
1723,3344
1724,395
1725,1097
1726,350
1727,1951
1728,2218
1729,3478
1730,3780
1731,2141
1732,2885
1733,1201
1734,687
1735,4998
1736,2505
1737,1868
1738,3842
1739,4571
1740,1181
1741,772
1742,3368
1743,2287
1744,3072
1745,3753
1746,2864
1747,1945
1748,1089
1749,1543
1750,52
1751,3150
1752,2103
1753,3772
1754,4032
1755,1159
1756,4809
1757,1934
1758,3165
1759,2459
1760,3408
1761,3616
1762,4365
1763,3889
1764,4176
1765,273
1766,3240
1767,940
1768,4517
1769,986
1770,3653
1771,4834
1772,4683
1773,3130
1774,1829
1775,3755
1776,685
1777,4608
1778,2858
1779,1211
1780,951
1781,211
1782,2517
1783,4244
1784,24
1785,169
1786,1836
1787,2539
1788,2014
1789,2611
1790,4266
1791,1052
1792,3949
1793,1761
1794,4040
1795,1573
1796,3035
1797,3551
1798,2633
1799,3117
1800,3826
1801,4067
1802,4740
1803,2247
1804,329
1805,2338
1806,1938
1807,1319
1808,2508
1809,4175
1810,271
1811,1135
1812,4639
1813,263
1814,4950
1815,870
1816,4914
1817,499
1818,2837
1819,3358
1820,238
1821,2387
1822,1824
1823,2064
1824,1342
1825,2780
1826,4329
1827,2918
1828,872
1829,4606
1830,4981
1831,2869
1832,3795
1833,1524
1834,649
1835,3006
1836,1435
1837,1920
1838,2371
1839,1847
1840,2567
1841,922
1842,893
1843,3786
1844,2100
1845,4029
1846,2373
1847,89
1848,2010
1849,4615
1850,2696
1851,805
1852,2716
1853,1411
1854,1476
1855,4578
1856,365
1857,4725
1858,1213
1859,352
1860,4430
1861,2017
1862,2319
1863,657
1864,1820
1865,3864
1866,4138
1867,66
1868,4086
1869,4512
1870,380
1871,1943
1872,2284
1873,4998
1874,4464
1875,3336
1876,2571
1877,1755
1878,2188
1879,3946
1880,4029
1881,1353
1882,616
1883,2651
1884,61
1885,2680
1886,3274
1887,2526
1888,1816
1889,1377
1890,1847
1891,4007
1892,2487
1893,4949
1894,4060
1895,2547
1896,3633
1897,3803
1898,3378
1899,1391
1900,1805
1901,3614
1902,2688
1903,2820
1904,3485
1905,2279
1906,522
1907,796
1908,3551
1909,1955
1910,960
1911,532
1912,3485
1913,3771
1914,649
1915,1757
1916,804
1917,44
1918,3742
1919,136
1920,4313
1921,3595
1922,1475
1923,1286
1924,1335
1925,4887
1926,1840
1927,4209
1928,3558
1929,2450
1930,2462
1931,3531
1932,1893
1933,949
1934,1460
1935,1713
1936,4056
1937,2064
1938,1841
1939,4475
1940,2156
1941,4259
1942,4140
1943,4539
1944,4455
1945,43
1946,4968
1947,3703
1948,870
1949,316
1950,2691
1951,781
1952,3430
1953,3879
1954,4653
1955,2786
1956,3691
1957,3617
1958,526
1959,4766
1960,1063
1961,160
1962,4784
1963,48
1964,3210
1965,2483
1966,2012
1967,2330
1968,2223
1969,373
1970,2544
1971,4864
1972,3120
1973,2365
1974,982
1975,2235
1976,3968
1977,1965
1978,3352
1979,596
1980,4590
1981,3308
1982,4863
1983,2655
1984,649
1985,4202
1986,2074
1987,4782
1988,423
1989,3728
1990,2083
1991,582
1992,3264
1993,4706
1994,1670
1995,3930
1996,3863
1997,2338
1998,4652
1999,1563
2000,904
2001,3650
2002,3684
2003,2545
2004,516
2005,3286
2006,1584
2007,2152
2008,4186
2009,4651
2010,2757
2011,3825
2012,2761
2013,1784
2014,2956
2015,28
2016,1128
2017,2584
2018,1293
2019,4831
2020,1790
2021,480
2022,1540
2023,2430
2024,485
2025,1003
2026,3468
2027,2967
2028,1160
2029,4432
2030,1783
2031,2272
2032,1374
2033,3196
2034,4447
2035,4576
2036,1679
2037,482
2038,759
2039,1550
2040,3691
2041,748
2042,2155
2043,1226
2044,1298
2045,2588
2046,2910
2047,3614
2048,1286
2049,1995
2050,4411
2051,3529
2052,836
2053,3765
2054,3923
2055,2176
2056,2770
2057,2616
2058,3052
2059,1393
2060,2002
2061,4303
2062,4802
2063,1517
2064,2124
2065,2711
2066,4599
2067,4849
2068,4707
2069,2461
2070,1327
2071,4130
2072,85
2073,4745
2074,287
2075,1842
2076,4230
2077,4980
2078,987
2079,4355
2080,478
2081,1249
2082,3710
2083,1143
2084,478
2085,4275
2086,2484
2087,2858
2088,1339
2089,227
2090,3284
2091,2341
2092,2297
2093,2716
2094,4241
2095,2695
2096,4344
2097,3734
2098,2424
2099,3465
2100,3700
2101,554
2102,4891
2103,279
2104,1702
2105,4240
2106,852
2107,1454
2108,3232
2109,1907
2110,261
2111,246
2112,3166
2113,3086
2114,1140
2115,1478
2116,1928
2117,4758
2118,1541
2119,2327
2120,4108
2121,3371
2122,4575
2123,2782
2124,2760
2125,4459
2126,4832
2127,4345
2128,2453
2129,2029
2130,4308
2131,4404
2132,4887
2133,1751
2134,1793
2135,1808
2136,1449
2137,765
2138,206
2139,1106
2140,2853
2141,4431
2142,938
2143,3052
2144,2329
2145,3429
2146,3456
2147,3594
2148,2093
2149,1705
2150,880
2151,4466
2152,745
2153,4529
2154,1281
2155,2513
2156,92
2157,3096
2158,2875
2159,3806
2160,2335
2161,4569
2162,2257
2163,4238
2164,879
2165,2183
2166,1371
2167,3283
2168,3529
2169,4851
2170,2090
2171,4641
2172,1744
2173,3138
2174,356
2175,2535
2176,3379
2177,4730
2178,671
2179,350
2180,3794
2181,2794
2182,4098
2183,2506
2184,4494
2185,1907
2186,631
2187,4281
2188,4536
2189,4847
2190,3933
2191,3492
2192,849
2193,165
2194,2914
2195,4954
2196,2177
2197,541
2198,4646
2199,3244
2200,3124
2201,1614
2202,2970
2203,2888
2204,1062
2205,545
2206,2351
2207,4757
2208,3911
2209,1170
2210,2996
2211,2231
2212,4954
2213,4627
2214,4727
2215,840
2216,2591
2217,109
2218,884
2219,2012
2220,3761
2221,3140
2222,4723
2223,4711
2224,2225
2225,4349
2226,1404
2227,1469
2228,1801
2229,2151
2230,830
2231,2557
2232,4349
2233,4091
2234,3476
2235,2667
2236,1987
2237,769
2238,3609
2239,3296
2240,2067
2241,2256
2242,3795
2243,3681
2244,1426
2245,1642
2246,882
2247,841
2248,337
2249,2594
2250,2028
2251,3412
2252,290
2253,4867
2254,2089
2255,4105
2256,1138
2257,198
2258,1681
2259,546
2260,2
2261,4447
2262,438
2263,4427
2264,2247
2265,2221
2266,2868
2267,3925
2268,3650
2269,3956
2270,3828
2271,1302
2272,4914
2273,41
2274,88
2275,3495
2276,2973
2277,33
2278,1
2279,3290
2280,3758
2281,2990
2282,3412
2283,2437
2284,1736
2285,1495
2286,4411
2287,2647
2288,2672
2289,2867
2290,3463
2291,4814
2292,1032
2293,4338
2294,3587
2295,4771
2296,2936
2297,3232
2298,3524
2299,1163
2300,2351
2301,2047
2302,181
2303,2002
2304,1256
2305,4608
2306,4064
2307,1374
2308,1536
2309,4477
2310,3854
2311,2493
2312,3099
2313,886
2314,2559
2315,1141
2316,4582
2317,534
2318,508
2319,2246
2320,2615
2321,2497
2322,257
2323,3725
2324,2824
2325,4804
2326,2057
2327,3304
2328,2779
2329,2953
2330,2658
2331,281
2332,1720
2333,3350
2334,3416
2335,3689
2336,3113
2337,1545
2338,4029
2339,2050
2340,1174
2341,3650
2342,3654
2343,3512
2344,1380
2345,4717
2346,4569
2347,3261
2348,4697
2349,4018
2350,4626
2351,3553
2352,579
2353,4755
2354,324
2355,4483
2356,3726
2357,2433
2358,2612
2359,4462
2360,308
2361,539
2362,2690
2363,2954
2364,2398
2365,2629
2366,825
2367,333
2368,1753
2369,1209
2370,838
2371,3406
2372,4476
2373,708
2374,3269
2375,942
2376,2838
2377,4543
2378,4054
2379,1668
2380,708
2381,1537
2382,2559
2383,36
2384,216
2385,285
2386,1035
2387,3283
2388,3909
2389,957
2390,4904
2391,3753
2392,823
2393,2651
2394,2366
2395,4011
2396,2959
2397,3936
2398,2747
2399,4507
2400,1324
2401,3619
2402,2396
2403,4879
2404,237
2405,4455
2406,1046
2407,3100
2408,491
2409,33
2410,4955
2411,2540
2412,332
2413,1629
2414,215
2415,2715
2416,4962
2417,1388
2418,2922
2419,3561
2420,4778
2421,4908
2422,2392
2423,4757
2424,4144
2425,4692
2426,1676
2427,2407
2428,471
2429,2730
2430,532
2431,4584
2432,4334
2433,684
2434,1893
2435,2553
2436,1534
2437,471
2438,2046
2439,1948
2440,4537
2441,4407
2442,1947
2443,3530
2444,1861
2445,2723
2446,1024
2447,3994
2448,3301
2449,180
2450,1309
2451,2923
2452,344
2453,3330
2454,2569
2455,2374
2456,2338
2457,2979
2458,1559
2459,611
2460,3233
2461,2097
2462,198
2463,871
2464,1211
2465,1631
2466,2220
2467,3183
2468,2491
2469,2392
2470,2122
2471,2891
2472,4866
2473,4811
2474,674
2475,2594
2476,1842
2477,4207
2478,1308
2479,2565
2480,2541
2481,3703
2482,4801
2483,3427
2484,4308
2485,4963
2486,479
2487,2793
2488,3307
2489,1955
2490,3763
2491,3403
2492,4394
2493,2711
2494,4445
2495,1284
2496,2527
2497,488
2498,997
2499,3974
2500,3143
2501,2333
2502,3219
2503,310
2504,2115
2505,2843
2506,4036
2507,4039
2508,2791
2509,3925
2510,3977
2511,3761
2512,4942
2513,4043
2514,2297
2515,838
2516,865
2517,1186
2518,2078
2519,113
2520,4878
2521,3816
2522,4557
2523,3859
2524,4213
2525,4738
2526,2663
2527,3531
2528,3006
2529,292
2530,4909
2531,4113
2532,1518
2533,4172
2534,664
2535,2960
2536,137
2537,4611
2538,2022
2539,1190
2540,465
2541,1217
2542,3825
2543,569
2544,1948
2545,3628
2546,3753
2547,1543
2548,4996
2549,2325
2550,3186
2551,4154
2552,2335
2553,2775
2554,3176
2555,4566
2556,1319
2557,4700
2558,2390
2559,4128
2560,2380
2561,4750
2562,583
2563,174
2564,1237
2565,3671
2566,1531
2567,653
2568,646
2569,2294
2570,579
2571,3970
2572,2796
2573,975
2574,2096
2575,4561
2576,235
2577,2293
2578,2582
2579,603
2580,4056
2581,4822
2582,4094
2583,1808
2584,2531
2585,1195
2586,4128
2587,1969
2588,851
2589,1706
2590,2431
2591,3928
2592,2494
2593,947
2594,2487
2595,2734
2596,3088
2597,115
2598,3242
2599,673
2600,2408
2601,4024
2602,3215
2603,400
2604,3515
2605,4594
2606,3068
2607,4373
2608,1272
2609,2778
2610,4498
2611,4230
2612,1682
2613,1370
2614,4895
2615,3223
2616,2244
2617,1721
2618,1938
2619,4999
2620,2950
2621,4057
2622,4310
2623,4125
2624,4902
2625,1542
2626,1553
2627,648
2628,1586
2629,3437
2630,951
2631,4656
2632,834
2633,542
2634,2583
2635,1532
2636,554
2637,1408
2638,423
2639,2745
2640,1469
2641,3928
2642,2603
2643,4875
2644,3405
2645,1909
2646,2689
2647,4235
2648,4479
2649,867
2650,2040
2651,78
2652,4892
2653,4667
2654,3487
2655,1077
2656,2961
2657,3547
2658,3394
2659,582
2660,2936
2661,959
2662,2046
2663,615
2664,4007
2665,3411
2666,606
2667,2314
2668,2783
2669,787
2670,2822
2671,1929
2672,3551
2673,3954
2674,3501
2675,2511
2676,3230
2677,2044
2678,4640
2679,393
2680,1840
2681,904
2682,1824
2683,1751
2684,1808
2685,117
2686,3917
2687,4707
2688,4819
2689,3487
2690,2781
2691,2317
2692,3789
2693,3414
2694,2557
2695,2720
2696,4405
2697,4196
2698,72
2699,3469
2700,2995
2701,545
2702,3853
2703,490
2704,146
2705,3013
2706,2226
2707,4462
2708,4625
2709,2457
2710,1023
2711,2355
2712,1771
2713,2658
2714,1470
2715,2817
2716,3758
2717,4050
2718,614
2719,4907
2720,4953
2721,1709
2722,958
2723,2560
2724,4110
2725,4094
2726,2014
2727,2177
2728,3519
2729,2772
2730,3290
2731,2954
2732,3988
2733,60
2734,768
2735,2526
2736,203
2737,2068
2738,232
2739,2243
2740,3009
2741,3856
2742,4531
2743,4647
2744,4948
2745,4853
2746,1284
2747,1966
2748,2331
2749,1776
2750,956
2751,2345
2752,2141
2753,506
2754,4090
2755,1813
2756,1374
2757,4571
2758,2118
2759,4373
2760,3120
2761,1727
2762,1798
2763,1260
2764,3846
2765,3481
2766,4362
2767,1403
2768,4796
2769,123
2770,3810
2771,2491
2772,2530
2773,623
2774,640
2775,2952
2776,2703
2777,3021
2778,2080
2779,2267
2780,2651
2781,4754
2782,4412
2783,4154
2784,1396
2785,4089
2786,4667
2787,4213
2788,634
2789,1793
2790,1025
2791,896
2792,2950
2793,4362
2794,4090
2795,1576
2796,2421
2797,1172
2798,2640
2799,1028
2800,2522
2801,1519
2802,2053
2803,842
2804,3521
2805,3633
2806,2218
2807,3538
2808,4897
2809,3999
2810,565
2811,3523
2812,3969
2813,2227
2814,4785
2815,2136
2816,35
2817,2246
2818,2575
2819,4623
2820,4565
2821,2971
2822,2507
2823,1350
2824,1932
2825,2424
2826,738
2827,1754
2828,4731
2829,4881
2830,3326
2831,2453
2832,762
2833,115
2834,3900
2835,4363
2836,1538
2837,970
2838,325
2839,1226
2840,4116
2841,2703
2842,1960
2843,1819
2844,1201
2845,2209
2846,3041
2847,2337
2848,3236
2849,1390
2850,3706
2851,853
2852,3028
2853,215
2854,1015
2855,4219
2856,3110
2857,4334
2858,4696
2859,4117
2860,1911
2861,3452
2862,2584
2863,3027
2864,46
2865,835
2866,2299
2867,587
2868,1008
2869,4981
2870,1548
2871,298
2872,325
2873,4080
2874,2219
2875,4831
2876,2752
2877,4198
2878,358
2879,4296
2880,2269
2881,4413
2882,2415
2883,3260
2884,3962
2885,3767
2886,803
2887,4292
2888,2520
2889,2607
2890,1034
2891,2078
2892,2307
2893,4553
2894,3274
2895,4104
2896,2132
2897,396
2898,3118
2899,3742
2900,4776
2901,3984
2902,460
2903,4904
2904,897
2905,582
2906,4116
2907,4194
2908,3746
2909,3960
2910,2301
2911,2073
2912,3680
2913,3621
2914,3161
2915,1655
2916,3796
2917,2161
2918,2297
2919,1428
2920,4485
2921,4471
2922,3467
2923,2961
2924,4187
2925,4652
2926,1839
2927,2666
2928,230
2929,1338
2930,3746
2931,3119
2932,4069
2933,4621
2934,1033
2935,3342
2936,2442
2937,1445
2938,2647
2939,1473
2940,674
2941,3273
2942,3625
2943,624
2944,2915
2945,316
2946,2063
2947,4579
2948,2838
2949,287
2950,1181
2951,2239
2952,3683
2953,459
2954,856
2955,210
2956,364
2957,417
2958,4732
2959,3659
2960,3762
2961,2408
2962,4681
2963,3923
2964,587
2965,3209
2966,4527
2967,898
2968,862
2969,858
2970,3350
2971,1184
2972,4565
2973,2558
2974,4200
2975,577
2976,656
2977,3390
2978,738
2979,1020
2980,3827
2981,3310
2982,3789
2983,3112
2984,3501
2985,2414
2986,99
2987,1804
2988,489
2989,2547
2990,2397
2991,969
2992,1338
2993,1842
2994,2170
2995,2677
2996,3328
2997,1920
2998,4449
2999,1151
3000,359
3001,4697
3002,3071
3003,531
3004,4622
3005,2659
3006,156
3007,3361
3008,3317
3009,4974
3010,4128
3011,3422
3012,879
3013,3090
3014,2899
3015,1150
3016,1295
3017,4069
3018,3866
3019,1707
3020,551
3021,4144
3022,750
3023,2631
3024,1380
3025,1180
3026,174
3027,4171
3028,637
3029,302
3030,2580
3031,3002
3032,675
3033,4261
3034,3221
3035,789
3036,3218
3037,3964
3038,1970
3039,1211
3040,4236
3041,1464
3042,3436
3043,3676
3044,239
3045,447
3046,924
3047,2386
3048,2517
3049,627
3050,1201
3051,1709
3052,4634
3053,2858
3054,1442
3055,1025
3056,4483
3057,3203
3058,1635
3059,2015
3060,4177
3061,2047
3062,1124
3063,2653
3064,3820
3065,2762
3066,1429
3067,3106
3068,2580
3069,2925
3070,606
3071,1586
3072,4563
3073,1593
3074,3858
3075,3106
3076,1015
3077,4937
3078,3244
3079,633
3080,1867
3081,380
3082,3370
3083,4404
3084,3061
3085,414
3086,4622
3087,556
3088,4082
3089,3643
3090,4884
3091,741
3092,3238
3093,4927
3094,4165
3095,1718
3096,1200
3097,2869
3098,3393
3099,2840
3100,2961
3101,2265
3102,52
3103,4988
3104,4029
3105,4060
3106,3383
3107,974
3108,4074
3109,4116
3110,943
3111,4424
3112,1965
3113,3573
3114,4891
3115,3740
3116,4565
3117,2136
3118,70
3119,1658
3120,1447
3121,1607
3122,4877
3123,162
3124,1376
3125,1794
3126,659
3127,1631
3128,3065
3129,3353
3130,3943
3131,473
3132,3852
3133,2646
3134,2511
3135,4604
3136,3981
3137,3437
3138,4078
3139,898
3140,388
3141,4372
3142,457
3143,1586
3144,4327
3145,57
3146,199
3147,3723
3148,2005
3149,1677
3150,3534
3151,1889
3152,3557
3153,3243
3154,1347
3155,1802
3156,1108
3157,3396
3158,1729
3159,134
3160,3765
3161,4090
3162,4779
3163,4313
3164,4258
3165,311
3166,4988
3167,4767
3168,1257
3169,1169
3170,395
3171,3226
3172,4019
3173,3132
3174,325
3175,3555
3176,4878
3177,3381
3178,1442
3179,1843
3180,4537
3181,4807
3182,2794
3183,1324
3184,2608
3185,2764
3186,2712
3187,169
3188,4565
3189,496
3190,1796
3191,2174
3192,4734
3193,1925
3194,1007
3195,3422
3196,4383
3197,1727
3198,3935
3199,703
3200,3492
3201,1196
3202,2259
3203,4380
3204,1304
3205,1162
3206,2152
3207,2447
3208,4876
3209,2724
3210,4625
3211,4728
3212,4687
3213,170
3214,2165
3215,1647
3216,163
3217,893
3218,1914
3219,1634
3220,4104
3221,3628
3222,4008
3223,1115
3224,3818
3225,13
3226,1001
3227,2721
3228,1782
3229,4491
3230,3180
3231,2226
3232,3386
3233,673
3234,2336
3235,2010
3236,3754
3237,8
3238,22
3239,2330
3240,4086
3241,4787
3242,3759
3243,4056
3244,3088
3245,2876
3246,2548
3247,2662
3248,4820
3249,1490
3250,2061
3251,4098
3252,2393
3253,4978
3254,4913
3255,3018
3256,1796
3257,607
3258,2876
3259,233
3260,1099
3261,3056
3262,4383
3263,3178
3264,2519
3265,1668
3266,2280
3267,3744
3268,4026
3269,3060
3270,66
3271,960
3272,4768
3273,3245
3274,4184
3275,1437
3276,563
3277,1272
3278,3155
3279,3717
3280,2630
3281,3304
3282,3180
3283,4668
3284,691
3285,2376
3286,3970
3287,2573
3288,4424
3289,3206
3290,1180
3291,3656
3292,2043
3293,2608
3294,2659
3295,4821
3296,3839
3297,3897
3298,1799
3299,2436
3300,4671
3301,3640
3302,1602
3303,4086
3304,1686
3305,4918
3306,1193
3307,459
3308,1913
3309,4802
3310,3374
3311,2273
3312,1573
3313,4082
3314,1363
3315,829
3316,1202
3317,2704
3318,417
3319,1170
3320,3441
3321,1687
3322,1022
3323,4203
3324,410
3325,1704
3326,4733
3327,918
3328,4925
3329,1549
3330,3863
3331,4584
3332,2250
3333,3065
3334,304
3335,4959
3336,1053
3337,675
3338,1061
3339,2575
3340,1521
3341,3693
3342,1184
3343,4140
3344,4605
3345,1165
3346,4550
3347,569
3348,4787
3349,2007
3350,2264
3351,1612
3352,2149
3353,2484
3354,3757
3355,3302
3356,1403
3357,1828
3358,369
3359,4058
3360,3575
3361,3444
3362,3286
3363,1336
3364,2338
3365,203
3366,3361
3367,2487
3368,2655
3369,471
3370,4144
3371,269
3372,4845
3373,2431
3374,4543
3375,2628
3376,3642
3377,4308
3378,3537
3379,1940
3380,3282
3381,841
3382,356
3383,2262
3384,2783
3385,2012
3386,1061
3387,3436
3388,4778
3389,1520
3390,4571
3391,4491
3392,1048
3393,3760
3394,3727
3395,1058
3396,2729
3397,2066
3398,1257
3399,3650
3400,4289
3401,2590
3402,382
3403,3129
3404,2129
3405,3298
3406,4317
3407,2188
3408,1176
3409,3355
3410,3961
3411,1041
3412,3530
3413,1850
3414,96
3415,4735
3416,4275
3417,1352
3418,155
3419,1858
3420,4453
3421,672
3422,3062
3423,4798
3424,748
3425,32
3426,2127
3427,1896
3428,635
3429,4426
3430,3291
3431,2260
3432,1544
3433,4317
3434,4164
3435,1606
3436,2610
3437,4931
3438,1007
3439,3136
3440,1475
3441,1663
3442,929
3443,4029
3444,1432
3445,294
3446,1346
3447,872
3448,1813
3449,599
3450,521
3451,196
3452,3989
3453,4391
3454,1239
3455,3960
3456,1455
3457,1293
3458,4681
3459,918
3460,3509
3461,2519
3462,676
3463,3873
3464,3942
3465,3159
3466,4837
3467,1921
3468,4035
3469,1070
3470,2200
3471,2765
3472,1711
3473,1132
3474,2334
3475,1195
3476,3239
3477,4505
3478,1804
3479,2870
3480,2321
3481,4242
3482,4486
3483,173
3484,2089
3485,1499
3486,1402
3487,4420
3488,1805
3489,4445
3490,4425
3491,4065
3492,2210
3493,3253
3494,3368
3495,4622
3496,4273
3497,4505
3498,1861
3499,1766
3500,3633
3501,2967
3502,1518
3503,2525
3504,376
3505,948
3506,4274
3507,72
3508,4036
3509,1590
3510,1115
3511,2286
3512,4443
3513,4319
3514,3059
3515,2930
3516,1250
3517,2718
3518,755
3519,4502
3520,4859
3521,1716
3522,2659
3523,4149
3524,3495
3525,4263
3526,3123
3527,4565
3528,3739
3529,4830
3530,4384
3531,4984
3532,3040
3533,4162
3534,3291
3535,4718
3536,1034
3537,1333
3538,291
3539,3720
3540,1298
3541,363
3542,907
3543,2587
3544,4319
3545,1369
3546,925
3547,4046
3548,4959
3549,4318
3550,390
3551,3410
3552,267
3553,4852
3554,4147
3555,2782
3556,2680
3557,1235
3558,4345
3559,3484
3560,1242
3561,4987
3562,2347
3563,164
3564,3323
3565,2155
3566,4140
3567,4434
3568,1601
3569,179
3570,3932
3571,2222
3572,3750
3573,1682
3574,1087
3575,1944
3576,2881
3577,4629
3578,2233
3579,686
3580,1281
3581,1445
3582,3686
3583,1988
3584,3290
3585,956
3586,1694
3587,3055
3588,3864
3589,4491
3590,2509
3591,3486
3592,1184
3593,2691
3594,2697
3595,3613
3596,3022
3597,1094
3598,2172
3599,2767
3600,849
3601,3337
3602,3906
3603,1127
3604,3947
3605,745
3606,3556
3607,2811
3608,165
3609,4502
3610,1059
3611,4982
3612,527
3613,3800
3614,2992
3615,2825
3616,1004
3617,981
3618,2607
3619,4389
3620,204
3621,4133
3622,3213
3623,2703
3624,1355
3625,1850
3626,910
3627,432
3628,343
3629,7
3630,3489
3631,2568
3632,4774
3633,99
3634,3384
3635,4039
3636,4806
3637,2066
3638,2454
3639,792
3640,2087
3641,617
3642,4309
3643,74
3644,1891
3645,2764
3646,184
3647,2187
3648,1301
3649,1109
3650,3723
3651,836
3652,4983
3653,2275
3654,1371
3655,3507
3656,3389
3657,2981
3658,4511
3659,3617
3660,4839
3661,3809
3662,3605
3663,881
3664,4501
3665,4086
3666,1890
3667,3505
3668,802
3669,594
3670,1009
3671,705
3672,3827
3673,2697
3674,373
3675,2669
3676,4289
3677,2211
3678,4690
3679,1176
3680,841
3681,4208
3682,2373
3683,2495
3684,3677
3685,4778
3686,2523
3687,2759
3688,1956
3689,4519
3690,4879
3691,2484
3692,4076
3693,1210
3694,2533
3695,4463
3696,1216
3697,4325
3698,4580
3699,1466
3700,4876
3701,1461
3702,1809
3703,2483
3704,141
3705,3778
3706,614
3707,3796
3708,646
3709,2674
3710,1745
3711,1411
3712,1205
3713,2273
3714,3080
3715,1203
3716,468
3717,358
3718,1995
3719,4277
3720,3819
3721,1573
3722,778
3723,1548
3724,2074
3725,516
3726,3429
3727,84
3728,3052
3729,2277
3730,1811
3731,830
3732,1360
3733,735
3734,2601
3735,3315
3736,113
3737,1241
3738,2020
3739,2962
3740,2309
3741,2300
3742,3930
3743,64
3744,67
3745,2612
3746,4923
3747,3515
3748,1965
3749,3499
3750,4269
3751,4291
3752,4677
3753,1514
3754,4637
3755,1838
3756,4076
3757,4509
3758,2601
3759,2518
3760,4126
3761,1217
3762,2857
3763,1480
3764,3793
3765,2644
3766,3759
3767,4620
3768,59
3769,3833
3770,1348
3771,4028
3772,4219
3773,2103
3774,3065
3775,2947
3776,1800
3777,2709
3778,3135
3779,2020
3780,1871
3781,3269
3782,758
3783,3572
3784,888
3785,4714
3786,4194
3787,365
3788,407
3789,3215
3790,380
3791,1360
3792,2688
3793,2101
3794,3165
3795,3893
3796,2283
3797,2800
3798,4101
3799,2978
3800,3704
3801,159
3802,4601
3803,4078
3804,1964
3805,4358
3806,1202
3807,2481
3808,1745
3809,3834
3810,3682
3811,298
3812,4731
3813,400
3814,2786
3815,4436
3816,4903
3817,770
3818,2847
3819,1214
3820,1646
3821,3047
3822,2004
3823,1886
3824,1031
3825,1254
3826,1280
3827,3001
3828,1291
3829,1007
3830,4199
3831,4129
3832,1450
3833,2214
3834,175
3835,1299
3836,1883
3837,1644
3838,2921
3839,884
3840,3144
3841,212
3842,3015
3843,801
3844,3208
3845,935
3846,1077
3847,783
3848,590
3849,277
3850,2528
3851,605
3852,1950
3853,2897
3854,3819
3855,1636
3856,4912
3857,2367
3858,8
3859,3847
3860,605
3861,1956
3862,4803
3863,4037
3864,1798
3865,1330
3866,3690
3867,4513
3868,2653
3869,3631
3870,2665
3871,2026
3872,1811
3873,65
3874,3907
3875,4900
3876,4440
3877,2072
3878,1402
3879,1650
3880,1736
3881,1280
3882,1351
3883,3573
3884,579
3885,4425
3886,1925
3887,3734
3888,3909
3889,4788
3890,1968
3891,3308
3892,3908
3893,2269
3894,1515
3895,4915
3896,97
3897,4168
3898,1615
3899,225
3900,3029
3901,1257
3902,1903
3903,4310
3904,748
3905,4500
3906,4304
3907,4223
3908,3287
3909,3213
3910,2679
3911,3207
3912,563
3913,4382
3914,26
3915,3811
3916,2383
3917,1475
3918,72
3919,4456
3920,4420
3921,2066
3922,1668
3923,2252
3924,3373
3925,12
3926,4060
3927,2773
3928,1325
3929,1523
3930,2801
3931,2410
3932,3367
3933,3256
3934,2399
3935,2628
3936,2913
3937,2322
3938,2132
3939,384
3940,1306
3941,2052
3942,2574
3943,220
3944,4290
3945,2531
3946,3564
3947,939
3948,1097
3949,978
3950,1462
3951,2255
3952,1695
3953,837
3954,4561
3955,1186
3956,899
3957,4215
3958,3154
3959,473
3960,3735
3961,424
3962,4348
3963,4270
3964,2896
3965,2774
3966,1477
3967,1072
3968,3524
3969,2294
3970,2298
3971,49
3972,4892
3973,735
3974,3675
3975,948
3976,897
3977,1764
3978,4866
3979,3232
3980,3467
3981,4340
3982,636
3983,4142
3984,2884
3985,2264
3986,442
3987,4739
3988,379
3989,3616
3990,201
3991,1354
3992,2060
3993,4042
3994,3085
3995,2194
3996,228
3997,2688
3998,2453
3999,4990
4000,4571
4001,2260
4002,999
4003,3127
4004,4290
4005,1243
4006,1356
4007,155
4008,1588
4009,2972
4010,1846
4011,1023
4012,3769
4013,2196
4014,2094
4015,697
4016,3989
4017,2063
4018,3835
4019,3403
4020,2960
4021,1764
4022,1764
4023,1068
4024,2926
4025,709
4026,1783
4027,1009
4028,158
4029,3722
4030,3538
4031,2043
4032,1160
4033,3297
4034,4934
4035,2517
4036,4344
4037,2612
4038,3955
4039,3677
4040,23
4041,3280
4042,2382
4043,4076
4044,648
4045,1413
4046,752
4047,2748
4048,3240
4049,246
4050,2776
4051,2349
4052,1983
4053,535
4054,1585
4055,3235
4056,2955
4057,878
4058,1118
4059,1168
4060,875
4061,3680
4062,3673
4063,842
4064,3305
4065,4089
4066,1467
4067,1976
4068,4353
4069,1958
4070,1957
4071,1630
4072,270
4073,739
4074,1726
4075,3411
4076,3388
4077,2228
4078,4549
4079,4659
4080,3096
4081,4042
4082,3230
4083,3734
4084,2267
4085,1349
4086,2650
4087,4116
4088,1893
4089,1296
4090,1238
4091,4659
4092,4879
4093,1118
4094,3590
4095,758
4096,1185
4097,1150
4098,458
4099,3788
4100,2913
4101,1405
4102,3134
4103,1827
4104,3693
4105,3097
4106,4752
4107,4679
4108,4160
4109,3694
4110,1723
4111,3882
4112,296
4113,4183
4114,1904
4115,1609
4116,3665
4117,2386
4118,52
4119,2585
4120,3842
4121,1184
4122,428
4123,2437
4124,1532
4125,1071
4126,3932
4127,2149
4128,4211
4129,4686
4130,816
4131,3196
4132,381
4133,3813
4134,4794
4135,3998
4136,3616
4137,4479
4138,1498
4139,3412
4140,4704
4141,1837
4142,1044
4143,3598
4144,2382
4145,4368
4146,1994
4147,3027
4148,2076
4149,514
4150,1730
4151,888
4152,2572
4153,4401
4154,1747
4155,2219
4156,2921
4157,3057
4158,4833
4159,858
4160,3573
4161,3125
4162,3592
4163,757
4164,505
4165,354
4166,3476
4167,3413
4168,1755
4169,1672
4170,2935
4171,2640
4172,746
4173,1670
4174,3612
4175,1898
4176,3605
4177,1801
4178,2737
4179,2696
4180,3377
4181,1384
4182,2986
4183,3804
4184,2233
4185,1599
4186,3807
4187,1161
4188,4576
4189,591
4190,1727
4191,842
4192,1562
4193,4102
4194,4390
4195,99
4196,4680
4197,944
4198,1218
4199,707
4200,4186
4201,3609
4202,571
4203,77
4204,23
4205,21
4206,3025
4207,1889
4208,3664
4209,1847
4210,1888
4211,588
4212,1291
4213,594
4214,4006
4215,73
4216,4036
4217,791
4218,1949
4219,1474
4220,4381
4221,1628
4222,4923
4223,2551
4224,989
4225,3309
4226,3670
4227,1433
4228,1191
4229,1522
4230,4262
4231,2052
4232,841
4233,173
4234,3995
4235,519
4236,2525
4237,2750
4238,4797
4239,641
4240,2189
4241,1869
4242,3491
4243,394
4244,2511
4245,1251
4246,3459
4247,3587
4248,4144
4249,605
4250,1663
4251,3355
4252,2421
4253,4581
4254,3929
4255,1607
4256,3964
4257,4255
4258,13
4259,4404
4260,4905
4261,134
4262,1989
4263,3244
4264,4669
4265,16
4266,2242
4267,923
4268,3520
4269,493
4270,645
4271,1214
4272,4687
4273,3375
4274,2502
4275,527
4276,1833
4277,1662
4278,3212
4279,1302
4280,1603
4281,1419
4282,1067
4283,1663
4284,228
4285,3087
4286,2420
4287,524
4288,754
4289,3183
4290,4926
4291,3168
4292,1419
4293,1206
4294,586
4295,1424
4296,1080
4297,815
4298,812
4299,2037
4300,3659
4301,4197
4302,2837
4303,1362
4304,4242
4305,2402
4306,4294
4307,2726
4308,2244
4309,784
4310,1415
4311,511
4312,832
4313,671
4314,1157
4315,3028
4316,4213
4317,4868
4318,2562
4319,2084
4320,3139
4321,4498
4322,1021
4323,3512
4324,4488
4325,391
4326,1939
4327,1122
4328,4231
4329,2846
4330,2510
4331,1369
4332,3363
4333,3780
4334,2865
4335,3442
4336,3330
4337,4961
4338,1142
4339,3213
4340,2732
4341,3381
4342,4406
4343,4184
4344,2147
4345,3205
4346,4040
4347,2364
4348,796
4349,1241
4350,4429
4351,1290
4352,4075
4353,2163
4354,919
4355,3561
4356,1429
4357,845
4358,4962
4359,1592
4360,1958
4361,279
4362,4875
4363,3650
4364,3332
4365,3333
4366,4501
4367,3283
4368,27
4369,2617
4370,2930
4371,3741
4372,510
4373,2002
4374,2526
4375,271
4376,4679
4377,4032
4378,1375
4379,99
4380,1534
4381,714
4382,2081
4383,1139
4384,4142
4385,790
4386,2095
4387,575
4388,4101
4389,4661
4390,1212
4391,3997
4392,4714
4393,2560
4394,2383
4395,341
4396,2448
4397,3227
4398,2804
4399,2552
4400,2857
4401,4477
4402,2263
4403,3853
4404,2030
4405,17
4406,979
4407,415
4408,2730
4409,4788
4410,2961
4411,1519
4412,3719
4413,395
4414,2980
4415,2921
4416,4840
4417,4464
4418,3529
4419,3221
4420,1637
4421,1960
4422,4828
4423,3405
4424,1805
4425,517
4426,4166
4427,2982
4428,590
4429,4051
4430,2107
4431,1445
4432,4752
4433,4313
4434,143
4435,3023
4436,4231
4437,2423
4438,2017
4439,4796
4440,463
4441,2062
4442,1999
4443,2473
4444,4090
4445,4863
4446,2569
4447,4929
4448,2725
4449,2548
4450,466
4451,4000
4452,793
4453,1629
4454,400
4455,3884
4456,692
4457,3369
4458,2573
4459,584
4460,2752
4461,274
4462,486
4463,1630
4464,2412
4465,1802
4466,528
4467,768
4468,3638
4469,1759
4470,291
4471,4227
4472,34
4473,3193
4474,391
4475,2904
4476,2484
4477,20
4478,3683
4479,3808
4480,2561
4481,4175
4482,3268
4483,2140
4484,4116
4485,1999
4486,3682
4487,2046
4488,1828
4489,880
4490,4543
4491,464
4492,506
4493,1146
4494,4432
4495,47
4496,593
4497,2948
4498,38
4499,2595
4500,4870
4501,4087
4502,1286
4503,2958
4504,2119
4505,2873
4506,3948
4507,4966
4508,3720
4509,1565
4510,4239
4511,2953
4512,3736
4513,3236
4514,2629
4515,2996
4516,738
4517,3450
4518,1719
4519,1400
4520,2495
4521,1407
4522,3160
4523,1633
4524,593
4525,3224
4526,1495
4527,4316
4528,35
4529,1105
4530,1131
4531,4445
4532,1468
4533,3730
4534,4398
4535,4971
4536,818
4537,51
4538,4922
4539,2744
4540,2539
4541,4117
4542,689
4543,2744
4544,4750
4545,831
4546,97
4547,2925
4548,3504
4549,2986
4550,2171
4551,3796
4552,3771
4553,217
4554,4036
4555,1353
4556,4489
4557,944
4558,4877
4559,762
4560,4502
4561,2599
4562,3557
4563,3258
4564,4371
4565,779
4566,4911
4567,4212
4568,423
4569,2931
4570,1222
4571,2258
4572,16
4573,4842
4574,3812
4575,4993
4576,839
4577,2685
4578,4674
4579,2547
4580,2498
4581,3834
4582,4210
4583,3448
4584,3906
4585,3579
4586,2280
4587,2761
4588,1053
4589,1110
4590,1951
4591,3636
4592,3630
4593,1458
4594,616
4595,4397
4596,416
4597,2368
4598,2508
4599,1559
4600,3578
4601,1443
4602,4419
4603,1831
4604,4788
4605,2710
4606,4870
4607,2336
4608,4391
4609,4017
4610,3262
4611,3057
4612,3427
4613,135
4614,4695
4615,3167
4616,2538
4617,4472
4618,4703
4619,3784
4620,1913
4621,1917
4622,1489
4623,1958
4624,295
4625,3869
4626,1526
4627,3723
4628,246
4629,3051
4630,443
4631,4783
4632,3343
4633,3354
4634,1077
4635,2756
4636,1162
4637,2806
4638,3145
4639,3042
4640,1610
4641,3976
4642,816
4643,1596
4644,1591
4645,4894
4646,791
4647,341
4648,3485
4649,140
4650,3557
4651,2776
4652,4114
4653,3875
4654,4398
4655,260
4656,3917
4657,1348
4658,781
4659,4224
4660,2722
4661,4906
4662,4886
4663,1056
4664,4482
4665,4593
4666,1649
4667,3428
4668,3111
4669,3438
4670,1554
4671,4969
4672,3733
4673,229
4674,293
4675,1295
4676,2467
4677,4905
4678,4214
4679,2839
4680,1209
4681,604
4682,1863
4683,4374
4684,4020
4685,4035
4686,67
4687,2890
4688,989
4689,2556
4690,1840
4691,1071
4692,1447
4693,1735
4694,4530
4695,2183
4696,543
4697,2414
4698,4985
4699,4316
4700,3670
4701,1530
4702,124
4703,3315
4704,26
4705,820
4706,959
4707,1327
4708,579
4709,4765
4710,4344
4711,719
4712,4913
4713,1435
4714,3912
4715,3029
4716,1314
4717,1176
4718,4197
4719,3572
4720,57
4721,712
4722,923
4723,1109
4724,4018
4725,695
4726,4834
4727,1294
4728,2738
4729,3588
4730,2995
4731,2216
4732,1980
4733,822
4734,1877
4735,1155
4736,342
4737,4834
4738,4604
4739,408
4740,1466
4741,3262
4742,2841
4743,2211
4744,896
4745,4661
4746,2364
4747,395
4748,2369
4749,1600
4750,605
4751,287
4752,1766
4753,1549
4754,683
4755,1710
4756,2167
4757,734
4758,356
4759,2811
4760,3799
4761,4072
4762,4691
4763,2228
4764,3157
4765,3350
4766,1831
4767,1349
4768,270
4769,4914
4770,3352
4771,1934
4772,3165
4773,2624
4774,4828
4775,3325
4776,2428
4777,1767
4778,1872
4779,3097
4780,3300
4781,3981
4782,1290
4783,3645
4784,4297
4785,4974
4786,2619
4787,1357
4788,1921
4789,4392
4790,3482
4791,3457
4792,2283
4793,605
4794,3083
4795,2667
4796,2564
4797,86
4798,1399
4799,557
4800,3668
4801,2113
4802,373
4803,404
4804,1319
4805,1911
4806,4414
4807,3627
4808,1640
4809,1581
4810,3350
4811,3550
4812,2800
4813,4428
4814,862
4815,180
4816,3732
4817,2271
4818,2895
4819,7
4820,884
4821,2361
4822,2065
4823,60
4824,496
4825,536
4826,4585
4827,4457
4828,1437
4829,2562
4830,1849
4831,3952
4832,1861
4833,962
4834,4913
4835,831
4836,2453
4837,1375
4838,4891
4839,1864
4840,3000
4841,666
4842,1260
4843,2372
4844,4656
4845,1545
4846,4775
4847,3591
4848,2660
4849,661
4850,3787
4851,360
4852,4309
4853,868
4854,477
4855,3000
4856,4099
4857,3988
4858,2200
4859,3460
4860,1221
4861,4189
4862,1928
4863,2168
4864,622
4865,2154
4866,4263
4867,4434
4868,3042
4869,1500
4870,1919
4871,2345
4872,975
4873,1434
4874,54
4875,3032
4876,1529
4877,1160
4878,1391
4879,2258
4880,462
4881,2043
4882,4068
4883,3779
4884,4104
4885,63
4886,2137
4887,2385
4888,2752
4889,733
4890,405
4891,518
4892,888
4893,2437
4894,2954
4895,715
4896,1641
4897,2739
4898,2883
4899,2730
4900,523
4901,305
4902,3277
4903,1712
4904,2643
4905,873
4906,2278
4907,4453
4908,2342
4909,245
4910,2434
4911,2953
4912,68
4913,4101
4914,3949
4915,2661
4916,3928
4917,220
4918,3707
4919,820
4920,3788
4921,2112
4922,2746
4923,3092
4924,265
4925,2180
4926,3313
4927,1212
4928,1668
4929,12
4930,234
4931,203
4932,1859
4933,3852
4934,1882
4935,930
4936,1119
4937,1996
4938,34
4939,3952
4940,2820
4941,4964
4942,934
4943,2169
4944,876
4945,2352
4946,2738
4947,3394
4948,466
4949,3417
4950,4397
4951,531
4952,4097
4953,1584
4954,317
4955,4481
4956,2421
4957,1263
4958,4362
4959,4143
4960,3961
4961,4942
4962,3863
4963,1848
4964,3511
4965,4191
4966,90
4967,1724
4968,2711
4969,495
4970,4309
4971,4621
4972,4639
4973,4265
4974,245
4975,941
4976,2312
4977,3736
4978,520
4979,3341
4980,1601
4981,3152
4982,1412
4983,1404
4984,173
4985,1938
4986,242
4987,1114
4988,4095
4989,4403
4990,4385
4991,2496
4992,4174
4993,1727
4994,4038
4995,1343
4996,2739
4997,4167
4998,4969
4999,2409
