0,2902
1,26
2,3944
3,2974
4,412
5,350
6,1411
7,3345
8,3293
9,3875
10,1099
11,3734
12,2249
13,914
14,3544
15,3742
16,3777
17,3534
18,1902
19,907
20,283
21,1133
22,3315
23,2491
24,1442
25,2797
26,2145
27,2511
28,2874
29,1877
30,1942
31,3575
32,1026
33,3177
34,1320
35,605
36,1426
37,2537
38,215
39,2218
40,356
41,3527
42,475
43,1816
44,1487
45,2179
46,2204
47,3574
48,1230
49,1540
50,161
51,689
52,319
53,661
54,2688
55,3365
56,3911
57,3962
58,1267
59,1088
60,1202
61,14
62,3756
63,1455
64,25
65,2587
66,3999
67,488
68,2141
69,3924
70,2878
71,2770
72,3183
73,530
74,2114
75,1749
76,1202
77,329
78,1124
79,858
80,3160
81,1319
82,588
83,894
84,136
85,2441
86,1185
87,3577
88,513
89,3417
90,1311
91,293
92,1561
93,1543
94,2791
95,1645
96,2335
97,995
98,240
99,499
100,1022
101,3061
102,2203
103,2750
104,770
105,2489
106,964
107,319
108,2325
109,3546
110,1204
111,990
112,3458
113,1098
114,628
115,1222
116,91
117,3195
118,2460
119,1097
120,1142
121,2941
122,585
123,1937
124,1330
125,3732
126,1740
127,2597
128,439
129,3189
130,191
131,3604
132,1724
133,1214
134,2612
135,1824
136,2018
137,527
138,742
139,2858
140,669
141,3209
142,688
143,1175
144,3474
145,2497
146,1052
147,1724
148,2684
149,2240
150,3859
151,523
152,2569
153,1818
154,851
155,3545
156,482
157,3370
158,3744
159,1131
160,2311
161,3942
162,1553
163,3965
164,1368
165,4
166,1291
167,2798
168,17
169,1993
170,1771
171,3467
172,2381
173,1161
174,3868
175,3351
176,2347
177,3585
178,1032
179,2324
180,2670
181,1644
182,1643
183,721
184,3774
185,2597
186,1475
187,1168
188,3948
189,3194
190,164
191,2035
192,3730
193,266
194,553
195,3170
196,2649
197,1947
198,1989
199,2267
200,692
201,3610
202,1591
203,2870
204,3146
205,1168
206,1979
207,2804
208,1265
209,3037
210,1532
211,2308
212,2006
213,435
214,3624
215,3665
216,3833
217,2194
218,2301
219,972
220,1332
221,3899
222,63
223,3185
224,412
225,2420
226,3467
227,1784
228,2849
229,3383
230,69
231,1499
232,3632
233,2871
234,1806
235,3007
236,1399
237,1200
238,2354
239,1665
240,424
241,905
242,1821
243,2174
244,1815
245,233
246,2926
247,2398
248,3485
249,3571
250,2979
251,3519
252,2271
253,928
254,2964
255,2842
256,2313
257,2424
258,508
259,2547
260,436
261,2668
262,2673
263,3586
264,2791
265,1523
266,2869
267,185
268,697
269,2046
270,133
271,690
272,2388
273,2394
274,3374
275,2743
276,2357
277,1634
278,3520
279,301
280,688
281,191
282,1851
283,3069
284,1969
285,3101
286,134
287,352
288,3965
289,3306
290,3902
291,2791
292,695
293,2510
294,2731
295,1989
296,926
297,130
298,3343
299,1209
300,2932
301,2862
302,2583
303,2171
304,729
305,99
306,3348
307,2402
308,374
309,1074
310,3363
311,2544
312,1013
313,1607
314,3272
315,763
316,2253
317,2501
318,1402
319,1497
320,2300
321,1631
322,2935
323,2023
324,1165
325,1457
326,1496
327,886
328,2842
329,3065
330,3104
331,1715
332,2571
333,3509
334,2446
335,3345
336,3547
337,921
338,2641
339,660
340,2427
341,685
342,1179
343,2621
344,3792
345,2081
346,1326
347,2797
348,3992
349,3246
350,2132
351,536
352,842
353,2411
354,3531
355,3208
356,955
357,1640
358,2812
359,3627
360,2589
361,587
362,428
363,3834
364,2818
365,1252
366,3532
367,3654
368,1918
369,3791
370,3403
371,3841
372,2219
373,38
374,2732
375,1286
376,2181
377,2816
378,2802
379,3559
380,3733
381,1162
382,1143
383,1137
384,1164
385,353
386,2204
387,30
388,549
389,617
390,2011
391,1334
392,1965
393,3820
394,312
395,771
396,1726
397,1074
398,1590
399,3088
400,1446
401,2650
402,294
403,1084
404,1543
405,3475
406,633
407,929
408,1080
409,601
410,3255
411,2460
412,2057
413,1647
414,2088
415,1881
416,228
417,3253
418,3152
419,444
420,3854
421,1702
422,792
423,1965
424,12
425,1873
426,3975
427,3649
428,1411
429,3634
430,2480
431,258
432,1464
433,1901
434,2148
435,3547
436,2390
437,486
438,3624
439,481
440,141
441,3039
442,3521
443,1953
444,3447
445,3023
446,2828
447,770
448,3127
449,3611
450,1706
451,919
452,3803
453,3924
454,2840
455,3172
456,64
457,1390
458,1949
459,2921
460,2868
461,3192
462,2557
463,1552
464,854
465,1340
466,1035
467,847
468,2810
469,756
470,3163
471,3867
472,1704
473,2407
474,372
475,201
476,1636
477,1599
478,1445
479,1026
480,3817
481,2984
482,687
483,258
484,2415
485,1064
486,1663
487,3501
488,3659
489,2357
490,703
491,2511
492,3413
493,2839
494,1538
495,2734
496,3173
497,860
498,3358
499,367
500,3095
501,1425
502,3031
503,2049
504,2990
505,1636
506,3733
507,1865
508,948
509,819
510,375
511,2699
512,3006
513,432
514,3009
515,115
516,3726
517,2548
518,113
519,1277
520,3891
521,2588
522,1904
523,999
524,2444
525,3333
526,1699
527,3152
528,1225
529,2976
530,3073
531,3085
532,2674
533,1714
534,1279
535,2856
536,3457
537,682
538,1223
539,3893
540,3690
541,703
542,936
543,403
544,1467
545,646
546,1190
547,1435
548,2814
549,493
550,2002
551,3113
552,219
553,215
554,756
555,708
556,2746
557,3348
558,1316
559,2027
560,2919
561,3964
562,3641
563,2493
564,846
565,9
566,1561
567,3461
568,1478
569,2670
570,1967
571,1313
572,2730
573,1975
574,3738
575,621
576,3426
577,1950
578,1921
579,657
580,160
581,711
582,581
583,2820
584,1766
585,153
586,975
587,2427
588,262
589,762
590,3145
591,1361
592,2241
593,2341
594,3273
595,2421
596,3408
597,1962
598,1863
599,2283
600,3937
601,3715
602,431
603,2976
604,3065
605,1871
606,1970
607,3022
608,3512
609,1261
610,23
611,71
612,1179
613,1398
614,2415
615,993
616,1850
617,1878
618,1766
619,2975
620,3857
621,1929
622,3381
623,1048
624,3036
625,655
626,3509
627,1799
628,2172
629,459
630,3086
631,1902
632,3158
633,2878
634,237
635,1767
636,443
637,890
638,1268
639,168
640,1538
641,2566
642,523
643,1234
644,2832
645,3438
646,2228
647,535
648,2874
649,3171
650,2396
651,3813
652,3906
653,3990
654,718
655,2355
656,253
657,396
658,3201
659,583
660,3093
661,2943
662,3858
663,1986
664,1802
665,3090
666,3532
667,3113
668,3699
669,1582
670,2691
671,881
672,1890
673,381
674,225
675,69
676,2950
677,3554
678,792
679,3671
680,106
681,2579
682,2646
683,3553
684,3706
685,3541
686,2934
687,1494
688,230
689,1747
690,2066
691,971
692,575
693,858
694,1654
695,987
696,1215
697,2675
698,2097
699,2203
700,3781
701,1309
702,2053
703,1179
704,2301
705,3527
706,3645
707,2197
708,1343
709,2504
710,3326
711,2198
712,2990
713,2555
714,2966
715,3046
716,2880
717,1018
718,3825
719,2870
720,2109
721,1973
722,459
723,3172
724,1568
725,2799
726,1344
727,3854
728,2458
729,3030
730,2366
731,3153
732,3670
733,2013
734,1532
735,284
736,1336
737,3191
738,676
739,310
740,319
741,3986
742,811
743,649
744,2761
745,2030
746,2882
747,3081
748,3254
749,1689
750,613
751,2277
752,388
753,2888
754,1552
755,969
756,185
757,2836
758,850
759,45
760,2432
761,3950
762,2777
763,286
764,874
765,3360
766,1165
767,3719
768,1141
769,2722
770,1785
771,3420
772,3947
773,3894
774,2051
775,3490
776,769
777,0
778,2621
779,3710
780,256
781,133
782,1556
783,2265
784,961
785,3328
786,2790
787,44
788,592
789,891
790,593
791,3086
792,3731
793,3120
794,2438
795,1719
796,3044
797,59
798,3804
799,1840
800,2682
801,3227
802,2240
803,2618
804,1062
805,3110
806,2186
807,3607
808,3801
809,2438
810,396
811,3480
812,3267
813,2260
814,3235
815,36
816,1718
817,207
818,208
819,1634
820,1129
821,537
822,2528
823,2660
824,3256
825,3951
826,7
827,1648
828,1353
829,3042
830,1708
831,1228
832,1642
833,2327
834,2110
835,1893
836,1493
837,3575
838,1828
839,3291
840,597
841,1395
842,337
843,1709
844,2531
845,2809
846,2390
847,1852
848,265
849,3308
850,1106
851,1663
852,679
853,2850
854,3077
855,3779
856,1140
857,1823
858,3426
859,2588
860,2396
861,809
862,610
863,77
864,3528
865,2121
866,1397
867,1456
868,3100
869,733
870,1236
871,2978
872,3833
873,1308
874,1010
875,3726
876,99
877,3111
878,1073
879,3988
880,3036
881,2408
882,400
883,726
884,2063
885,3786
886,1058
887,3775
888,2889
889,1493
890,2682
891,432
892,1506
893,1220
894,3298
895,1065
896,1082
897,3717
898,491
899,944
900,3198
901,3244
902,63
903,961
904,1641
905,3732
906,114
907,3858
908,3559
909,3028
910,471
911,1249
912,1877
913,1785
914,1199
915,3548
916,3428
917,2917
918,1404
919,1549
920,3037
921,1028
922,1780
923,3104
924,478
925,871
926,784
927,787
928,66
929,3680
930,3268
931,665
932,1855
933,1784
934,2249
935,266
936,1897
937,3984
938,950
939,203
940,500
941,1266
942,1230
943,853
944,1079
945,2131
946,2610
947,3653
948,2667
949,1927
950,1879
951,1823
952,1522
953,2433
954,210
955,1215
956,3285
957,1862
958,2640
959,1374
960,3014
961,3757
962,2338
963,3422
964,3108
965,2165
966,3670
967,2867
968,285
969,1154
970,2113
971,685
972,3182
973,470
974,1496
975,1766
976,2117
977,648
978,1053
979,1860
980,776
981,3876
982,1686
983,1291
984,2062
985,3743
986,1754
987,3138
988,3626
989,1429
990,2565
991,2465
992,169
993,160
994,363
995,2036
996,3697
997,2135
998,3049
999,334
1000,649
1001,3329
1002,3319
1003,2190
1004,3224
1005,2676
1006,3225
1007,2694
1008,1317
1009,2575
1010,1269
1011,2574
1012,349
1013,1168
1014,1919
1015,1892
1016,308
1017,3698
1018,655
1019,1373
1020,226
1021,1447
1022,2773
1023,3917
1024,2863
1025,1774
1026,1155
1027,3439
1028,3241
1029,3441
1030,3976
1031,2193
1032,1009
1033,2046
1034,3164
1035,1792
1036,631
1037,3552
1038,2103
1039,1291
1040,2394
1041,761
1042,1789
1043,3670
1044,209
1045,158
1046,3412
1047,3390
1048,3751
1049,3407
1050,1366
1051,2979
1052,2785
1053,2450
1054,2305
1055,1719
1056,1499
1057,2635
1058,844
1059,578
1060,2417
1061,2745
1062,1717
1063,1775
1064,2458
1065,2095
1066,3125
1067,2967
1068,3534
1069,1710
1070,1364
1071,264
1072,392
1073,3740
1074,3737
1075,529
1076,3270
1077,1188
1078,1274
1079,2381
1080,3661
1081,2826
1082,2258
1083,361
1084,3338
1085,3272
1086,528
1087,3700
1088,3731
1089,1673
1090,1900
1091,674
1092,3628
1093,33
1094,660
1095,1533
1096,3238
1097,552
1098,1381
1099,3176
1100,385
1101,82
1102,2998
1103,3857
1104,2738
1105,2668
1106,3981
1107,19
1108,544
1109,660
1110,2581
1111,2597
1112,3465
1113,1173
1114,3367
1115,355
1116,3905
1117,510
1118,2437
1119,887
1120,1722
1121,1566
1122,742
1123,1507
1124,1791
1125,127
1126,1035
1127,205
1128,1594
1129,1020
1130,2992
1131,1959
1132,1110
1133,32
1134,1790
1135,667
1136,2750
1137,2524
1138,3966
1139,496
1140,1924
1141,3364
1142,2152
1143,1051
1144,2462
1145,2278
1146,697
1147,2724
1148,3787
1149,552
1150,1251
1151,691
1152,3124
1153,2494
1154,670
1155,1592
1156,3981
1157,2853
1158,1660
1159,629
1160,3802
1161,3839
1162,2139
1163,2536
1164,3055
1165,1291
1166,1811
1167,3640
1168,2607
1169,544
1170,2895
1171,3067
1172,2262
1173,2022
1174,3864
1175,65
1176,3282
1177,1393
1178,2669
1179,1313
1180,2092
1181,1178
1182,3887
1183,1375
1184,1733
1185,1116
1186,1337
1187,3094
1188,3291
1189,552
1190,1037
1191,1159
1192,267
1193,3718
1194,9
1195,958
1196,144
1197,2153
1198,1624
1199,2526
1200,2665
1201,77
1202,1892
1203,1097
1204,1529
1205,847
1206,3081
1207,2797
1208,2536
1209,457
1210,198
1211,1198
1212,967
1213,1384
1214,1133
1215,2924
1216,689
1217,1644
1218,1530
1219,1329
1220,2508
1221,604
1222,2464
1223,89
1224,1615
1225,3332
1226,1566
1227,1598
1228,1054
1229,556
1230,48
1231,3167
1232,1648
1233,2966
1234,1922
1235,269
1236,1810
1237,3507
1238,2751
1239,50
1240,644
1241,1314
1242,3496
1243,958
1244,769
1245,3366
1246,1281
1247,751
1248,2044
1249,2595
1250,3557
1251,3484
1252,2469
1253,3989
1254,2329
1255,2974
1256,3691
1257,1069
1258,2558
1259,3964
1260,3420
1261,2249
1262,1248
1263,1233
1264,1288
1265,1839
1266,3628
1267,540
1268,1540
1269,1318
1270,2974
1271,580
1272,970
1273,785
1274,1560
1275,3782
1276,1117
1277,3784
1278,2702
1279,2973
1280,650
1281,2932
1282,126
1283,1324
1284,3402
1285,2407
1286,1246
1287,3306
1288,1956
1289,22
1290,1646
1291,3947
1292,15
1293,1845
1294,1772
1295,327
1296,1621
1297,1037
1298,1990
1299,2058
1300,115
1301,1980
1302,585
1303,1175
1304,126
1305,1449
1306,2392
1307,858
1308,1407
1309,1186
1310,1881
1311,1800
1312,1599
1313,3540
1314,1290
1315,661
1316,3902
1317,2246
1318,3761
1319,1394
1320,3836
1321,3475
1322,1937
1323,768
1324,826
1325,1538
1326,215
1327,886
1328,2843
1329,611
1330,3732
1331,746
1332,2213
1333,3945
1334,2214
1335,2912
1336,2532
1337,3358
1338,3790
1339,1133
1340,1453
1341,1415
1342,3686
1343,2054
1344,1727
1345,2678
1346,940
1347,1738
1348,3589
1349,3110
1350,695
1351,1992
1352,2968
1353,3414
1354,235
1355,2350
1356,3938
1357,3781
1358,3079
1359,752
1360,3934
1361,390
1362,475
1363,1489
1364,2363
1365,1088
1366,2998
1367,1553
1368,607
1369,1445
1370,3678
1371,1716
1372,168
1373,2125
1374,857
1375,1898
1376,3630
1377,2638
1378,3848
1379,736
1380,580
1381,378
1382,2868
1383,34
1384,1021
1385,3062
1386,3584
1387,267
1388,3371
1389,1266
1390,414
1391,299
1392,2914
1393,521
1394,1822
1395,1811
1396,892
1397,1847
1398,192
1399,128
1400,3701
1401,690
1402,3018
1403,2754
1404,1911
1405,1862
1406,3030
1407,1512
1408,3856
1409,3217
1410,2723
1411,2314
1412,287
1413,440
1414,2508
1415,275
1416,1421
1417,2660
1418,341
1419,3241
1420,2424
1421,157
1422,609
1423,1465
1424,3147
1425,2081
1426,3489
1427,452
1428,3625
1429,1120
1430,1959
1431,224
1432,3465
1433,3927
1434,2744
1435,140
1436,2747
1437,136
1438,864
1439,597
1440,1481
1441,2034
1442,3456
1443,1854
1444,441
1445,3954
1446,2178
1447,815
1448,2894
1449,3286
1450,3949
1451,1980
1452,1166
1453,154
1454,852
1455,2288
1456,1406
1457,1569
1458,72
1459,3607
1460,1449
1461,1937
1462,1518
1463,3941
1464,3264
1465,587
1466,428
1467,1158
1468,2267
1469,2533
1470,3228
1471,2499
1472,2173
1473,486
1474,3683
1475,3213
1476,982
1477,1438
1478,2555
1479,2058
1480,2435
1481,383
1482,2316
1483,569
1484,2352
1485,2172
1486,2842
1487,2275
1488,3037
1489,765
1490,2616
1491,192
1492,1278
1493,828
1494,1786
1495,2211
1496,3676
1497,1247
1498,392
1499,3844
1500,3897
1501,1874
1502,3022
1503,712
1504,2865
1505,2080
1506,240
1507,3598
1508,987
1509,1934
1510,1371
1511,3544
1512,3855
1513,3092
1514,2007
1515,2484
1516,3266
1517,25
1518,889
1519,2342
1520,1005
1521,714
1522,3060
1523,885
1524,396
1525,3318
1526,1839
1527,3183
1528,2626
1529,2537
1530,626
1531,3993
1532,2297
1533,3587
1534,1818
1535,3638
1536,3559
1537,1460
1538,2636
1539,3699
1540,3756
1541,2487
1542,1798
1543,1997
1544,2712
1545,232
1546,1905
1547,3520
1548,1641
1549,1123
1550,787
1551,1006
1552,2514
1553,123
1554,1024
1555,3592
1556,1048
1557,1939
1558,1969
1559,3675
1560,2422
1561,796
1562,2893
1563,3290
1564,1504
1565,76
1566,1379
1567,3139
1568,3748
1569,1463
1570,250
1571,1073
1572,3532
1573,2573
1574,2112
1575,2526
1576,448
1577,2800
1578,3006
1579,755
1580,425
1581,368
1582,1548
1583,1837
1584,1969
1585,3300
1586,1217
1587,3885
1588,2149
1589,487
1590,2467
1591,2589
1592,3772
1593,2541
1594,2589
1595,3322
1596,3665
1597,2593
1598,1295
1599,1826
1600,3852
1601,509
1602,3070
1603,2555
1604,1792
1605,2276
1606,3276
1607,926
1608,1741
1609,991
1610,962
1611,542
1612,2053
1613,466
1614,1450
1615,121
1616,1868
1617,506
1618,26
1619,218
1620,2200
1621,1862
1622,3114
1623,3496
1624,1432
1625,879
1626,1799
1627,718
1628,2769
1629,3862
1630,3712
1631,2120
1632,1732
1633,1080
1634,509
1635,2727
1636,107
1637,16
1638,2383
1639,1729
1640,3074
1641,2089
1642,994
1643,2776
1644,1218
1645,382
1646,336
1647,2533
1648,168
1649,1617
1650,367
1651,2913
1652,2965
1653,3908
1654,970
1655,368
1656,463
1657,1079
1658,2094
1659,1226
1660,1668
1661,3518
1662,1018
1663,775
1664,1518
1665,1246
1666,826
1667,1542
1668,2930
1669,837
1670,1197
1671,411
1672,3555
1673,1251
1674,1441
1675,3123
1676,3363
1677,328
1678,1
1679,261
1680,3210
1681,3835
1682,2661
1683,3478
1684,3519
1685,1781
1686,2887
1687,3657
1688,707
1689,2904
1690,182
1691,3617
1692,3277
1693,1935
1694,867
1695,1877
1696,1168
1697,3395
1698,2265
1699,719
1700,3416
1701,374
1702,3850
1703,3456
1704,2739
1705,2304
1706,3204
1707,1412
1708,3213
1709,1476
1710,610
1711,3853
1712,1940
1713,1551
1714,2654
1715,2287
1716,1786
1717,204
1718,2789
1719,455
1720,3769
1721,3878
1722,707
1723,3016
1724,1297
1725,3803
1726,1661
1727,3524
1728,684
1729,1530
1730,1982
1731,3988
1732,2594
1733,2201
1734,3753
1735,708
1736,1752
1737,2645
1738,3117
1739,1406
1740,2212
1741,806
1742,3062
1743,3505
1744,3596
1745,1886
1746,3488
1747,1150
1748,1964
1749,3423
1750,2375
1751,1598
1752,2677
1753,2486
1754,1082
1755,3571
1756,2995
1757,2232
1758,686
1759,1706
1760,359
1761,2135
1762,3982
1763,1866
1764,1683
1765,3552
1766,3311
1767,2044
1768,2709
1769,725
1770,2050
1771,1430
1772,3274
1773,3138
1774,1283
1775,2726
1776,3956
1777,862
1778,495
1779,1687
1780,3190
1781,3392
1782,3890
1783,259
1784,636
1785,1243
1786,286
1787,2198
1788,2455
1789,2584
1790,3639
1791,2330
1792,38
1793,783
1794,3308
1795,1124
1796,1520
1797,2561
1798,1440
1799,3387
1800,3790
1801,692
1802,454
1803,1440
1804,1638
1805,3948
1806,459
1807,1790
1808,3538
1809,3491
1810,1645
1811,2703
1812,830
1813,741
1814,2314
1815,777
1816,1520
1817,1354
1818,3699
1819,3908
1820,707
1821,368
1822,2463
1823,2792
1824,1803
1825,2773
1826,540
1827,3127
1828,1725
1829,2094
1830,2240
1831,3764
1832,3079
1833,2695
1834,286
1835,3311
1836,3962
1837,2904
1838,3667
1839,2575
1840,360
1841,127
1842,736
1843,1466
1844,520
1845,1600
1846,563
1847,1092
1848,3351
1849,2646
1850,1438
1851,1265
1852,1144
1853,2996
1854,329
1855,3945
1856,3932
1857,1405
1858,2082
1859,2743
1860,1213
1861,1340
1862,1939
1863,3805
1864,1828
1865,2913
1866,268
1867,2264
1868,2698
1869,409
1870,575
1871,3532
1872,3356
1873,3465
1874,811
1875,3660
1876,1527
1877,1094
1878,2576
1879,1544
1880,3379
1881,1331
1882,130
1883,371
1884,2653
1885,3928
1886,3512
1887,3119
1888,2268
1889,3100
1890,1219
1891,2488
1892,564
1893,1887
1894,1116
1895,938
1896,1545
1897,2903
1898,2934
1899,1391
1900,3899
1901,997
1902,3699
1903,2985
1904,3056
1905,2130
1906,83
1907,632
1908,1360
1909,587
1910,3302
1911,1737
1912,1578
1913,694
1914,899
1915,2492
1916,2259
1917,1520
1918,433
1919,272
1920,3566
1921,3685
1922,1314
1923,3117
1924,3143
1925,3179
1926,1664
1927,1677
1928,1082
1929,1852
1930,2303
1931,1799
1932,2993
1933,1134
1934,1331
1935,1626
1936,2218
1937,2576
1938,3386
1939,3091
1940,1558
1941,3459
1942,217
1943,1179
1944,2558
1945,2771
1946,1733
1947,3296
1948,2785
1949,144
1950,984
1951,2111
1952,2264
1953,3533
1954,2020
1955,1802
1956,1850
1957,2132
1958,1731
1959,1307
1960,1563
1961,3204
1962,2508
1963,1141
1964,3407
1965,937
1966,2018
1967,275
1968,2669
1969,3927
1970,3430
1971,689
1972,1326
1973,2178
1974,1613
1975,3763
1976,597
1977,2140
1978,3469
1979,2197
1980,1192
1981,1996
1982,1617
1983,879
1984,861
1985,327
1986,1035
1987,2533
1988,3440
1989,1646
1990,3177
1991,1961
1992,368
1993,1956
1994,128
1995,237
1996,1050
1997,1834
1998,3365
1999,2249
2000,2204
2001,3001
2002,1691
2003,741
2004,2588
2005,3196
2006,3142
2007,2244
2008,273
2009,359
2010,990
2011,3053
2012,3823
2013,3191
2014,2015
2015,2775
2016,2432
2017,1512
2018,1117
2019,2672
2020,2478
2021,2925
2022,3701
2023,2794
2024,477
2025,1616
2026,2527
2027,3842
2028,693
2029,2598
2030,2496
2031,1583
2032,3005
2033,3821
2034,2523
2035,36
2036,3587
2037,1604
2038,3591
2039,801
2040,1272
2041,968
2042,1916
2043,1116
2044,568
2045,2663
2046,2343
2047,1128
2048,2407
2049,1539
2050,3453
2051,1279
2052,855
2053,1637
2054,3148
2055,1842
2056,3462
2057,2778
2058,2477
2059,1161
2060,3620
2061,1327
2062,1782
2063,1273
2064,3987
2065,2820
2066,1260
2067,2465
2068,135
2069,1264
2070,2325
2071,192
2072,1260
2073,3026
2074,396
2075,152
2076,1095
2077,1102
2078,2317
2079,759
2080,2709
2081,3628
2082,3120
2083,1000
2084,3535
2085,2345
2086,1650
2087,3285
2088,2319
2089,664
2090,207
2091,2742
2092,3661
2093,633
2094,365
2095,315
2096,194
2097,2548
2098,1649
2099,3985
2100,1069
2101,1875
2102,788
2103,149
2104,115
2105,633
2106,2384
2107,2387
2108,609
2109,2594
2110,3093
2111,857
2112,3982
2113,440
2114,665
2115,2653
2116,924
2117,559
2118,299
2119,615
2120,1821
2121,1438
2122,1384
2123,2876
2124,1297
2125,2298
2126,2919
2127,1705
2128,13
2129,2833
2130,2223
2131,3528
2132,2168
2133,1984
2134,1896
2135,1202
2136,464
2137,3569
2138,3438
2139,2753
2140,714
2141,2293
2142,2850
2143,673
2144,3125
2145,3258
2146,1180
2147,690
2148,3807
2149,2921
2150,3547
2151,508
2152,2706
2153,3967
2154,2396
2155,144
2156,3223
2157,421
2158,457
2159,407
2160,26
2161,3726
2162,3528
2163,634
2164,45
2165,236
2166,1269
2167,1868
2168,615
2169,976
2170,2826
2171,1144
2172,997
2173,1852
2174,378
2175,3042
2176,208
2177,3623
2178,1981
2179,2877
2180,223
2181,1612
2182,2597
2183,3785
2184,2227
2185,3535
2186,3696
2187,3590
2188,3040
2189,1230
2190,1910
2191,1817
2192,2604
2193,3103
2194,1826
2195,1402
2196,1328
2197,2667
2198,702
2199,2552
2200,763
2201,1799
2202,2726
2203,3658
2204,886
2205,2891
2206,351
2207,371
2208,98
2209,50
2210,2241
2211,1552
2212,542
2213,2188
2214,1006
2215,705
2216,3108
2217,3235
2218,1255
2219,2097
2220,339
2221,1608
2222,3156
2223,900
2224,1511
2225,2617
2226,2944
2227,3165
2228,2980
2229,3666
2230,1704
2231,809
2232,3346
2233,2636
2234,232
2235,683
2236,3170
2237,3158
2238,726
2239,1253
2240,1007
2241,1327
2242,522
2243,639
2244,1888
2245,3742
2246,3258
2247,2071
2248,1578
2249,1550
2250,3973
2251,2214
2252,3506
2253,3817
2254,229
2255,2763
2256,1423
2257,1487
2258,2823
2259,2646
2260,3342
2261,499
2262,2103
2263,1331
2264,783
2265,3634
2266,788
2267,1040
2268,2029
2269,3441
2270,3010
2271,397
2272,3867
2273,2195
2274,2271
2275,2944
2276,74
2277,1332
2278,2509
2279,1729
2280,3687
2281,3844
2282,2254
2283,2361
2284,801
2285,579
2286,3278
2287,2370
2288,1096
2289,2997
2290,3642
2291,1786
2292,1233
2293,2211
2294,2254
2295,938
2296,310
2297,3790
2298,2188
2299,3533
2300,602
2301,1520
2302,3817
2303,1184
2304,2026
2305,881
2306,961
2307,2725
2308,3455
2309,3202
2310,3179
2311,1331
2312,1056
2313,3226
2314,2535
2315,3837
2316,3045
2317,2123
2318,3539
2319,285
2320,1046
2321,2240
2322,1341
2323,3293
2324,721
2325,3157
2326,3955
2327,1346
2328,3851
2329,1363
2330,2966
2331,2454
2332,494
2333,3463
2334,3533
2335,1392
2336,2496
2337,3389
2338,1334
2339,3266
2340,1124
2341,2270
2342,471
2343,1791
2344,1978
2345,963
2346,1683
2347,1863
2348,3041
2349,3829
2350,1976
2351,3088
2352,1693
2353,451
2354,3188
2355,210
2356,84
2357,1951
2358,136
2359,3536
2360,3218
2361,1334
2362,1333
2363,2142
2364,332
2365,73
2366,1459
2367,2995
2368,1857
2369,108
2370,2049
2371,76
2372,2205
2373,3931
2374,1814
2375,1146
2376,1335
2377,2036
2378,886
2379,586
2380,26
2381,1237
2382,1888
2383,752
2384,2849
2385,1299
2386,3684
2387,2735
2388,3003
2389,2708
2390,2450
2391,2950
2392,3279
2393,3274
2394,1805
2395,2202
2396,505
2397,2572
2398,2047
2399,2524
2400,1489
2401,1874
2402,294
2403,2487
2404,3949
2405,13
2406,396
2407,729
2408,3549
2409,2240
2410,1524
2411,3547
2412,1556
2413,959
2414,3312
2415,1871
2416,3782
2417,2467
2418,752
2419,2469
2420,557
2421,1223
2422,1973
2423,2298
2424,2822
2425,3555
2426,1091
2427,3421
2428,2712
2429,1186
2430,788
2431,2911
2432,1812
2433,1538
2434,1482
2435,1015
2436,1176
2437,231
2438,3325
2439,1871
2440,1742
2441,3260
2442,1234
2443,2926
2444,3954
2445,1895
2446,204
2447,99
2448,2864
2449,1544
2450,3324
2451,3691
2452,2731
2453,1454
2454,1460
2455,127
2456,2203
2457,790
2458,3066
2459,2109
2460,3822
2461,2273
2462,1688
2463,1201
2464,2671
2465,3920
2466,2063
2467,1695
2468,3811
2469,1086
2470,1068
2471,336
2472,2864
2473,3163
2474,787
2475,951
2476,2424
2477,3169
2478,1880
2479,2655
2480,3908
2481,3445
2482,2029
2483,1811
2484,3676
2485,1403
2486,1300
2487,2761
2488,2450
2489,790
2490,2550
2491,1611
2492,414
2493,1883
2494,365
2495,1380
2496,2852
2497,3633
2498,2844
2499,3364
2500,3634
2501,3079
2502,2334
2503,336
2504,581
2505,1457
2506,3387
2507,1513
2508,3851
2509,3905
2510,1015
2511,279
2512,1732
2513,3550
2514,2341
2515,1329
2516,354
2517,3652
2518,2554
2519,1548
2520,3279
2521,2519
2522,3227
2523,3422
2524,685
2525,197
2526,3224
2527,2734
2528,1272
2529,1752
2530,3890
2531,1562
2532,552
2533,3956
2534,471
2535,2403
2536,819
2537,3219
2538,207
2539,281
2540,1263
2541,2426
2542,2255
2543,3743
2544,3253
2545,3672
2546,2954
2547,3451
2548,1761
2549,251
2550,3335
2551,3580
2552,2678
2553,2510
2554,1070
2555,1352
2556,1406
2557,1363
2558,1660
2559,1665
2560,3183
2561,1177
2562,1463
2563,2900
2564,906
2565,3578
2566,955
2567,126
2568,2012
2569,1428
2570,210
2571,794
2572,3911
2573,3650
2574,898
2575,3435
2576,1083
2577,1142
2578,3072
2579,1891
2580,2494
2581,3541
2582,3810
2583,3726
2584,3403
2585,623
2586,498
2587,1406
2588,3766
2589,1721
2590,3871
2591,1043
2592,3342
2593,3209
2594,3022
2595,71
2596,2587
2597,2925
2598,3213
2599,2867
2600,134
2601,3081
2602,3752
2603,1409
2604,2328
2605,843
2606,437
2607,1392
2608,1723
2609,3916
2610,3753
2611,2237
2612,3100
2613,870
2614,653
2615,21
2616,1042
2617,620
2618,396
2619,3315
2620,377
2621,1195
2622,1219
2623,2071
2624,1719
2625,2683
2626,3419
2627,3302
2628,2783
2629,2497
2630,371
2631,1112
2632,660
2633,2213
2634,2229
2635,3394
2636,165
2637,3690
2638,299
2639,3232
2640,1079
2641,1263
2642,2187
2643,799
2644,3968
2645,3234
2646,2126
2647,1892
2648,1935
2649,3388
2650,2974
2651,2717
2652,1642
2653,2141
2654,3149
2655,1570
2656,655
2657,676
2658,2467
2659,1990
2660,3708
2661,490
2662,1327
2663,384
2664,2250
2665,2940
2666,798
2667,241
2668,3475
2669,2612
2670,1130
2671,3825
2672,2580
2673,819
2674,2473
2675,3579
2676,942
2677,3581
2678,135
2679,1521
2680,423
2681,3312
2682,1326
2683,2509
2684,941
2685,2882
2686,2081
2687,2246
2688,2555
2689,951
2690,1928
2691,2075
2692,1780
2693,2492
2694,2278
2695,3199
2696,2315
2697,2819
2698,326
2699,705
2700,197
2701,3739
2702,3700
2703,2038
2704,503
2705,1706
2706,168
2707,3109
2708,585
2709,2570
2710,796
2711,495
2712,540
2713,1310
2714,2879
2715,3578
2716,3047
2717,2352
2718,355
2719,2617
2720,541
2721,2088
2722,240
2723,1593
2724,555
2725,3307
2726,2107
2727,297
2728,2653
2729,1517
2730,1458
2731,1063
2732,3552
2733,1908
2734,2062
2735,515
2736,1058
2737,2603
2738,2859
2739,2931
2740,1174
2741,1407
2742,1523
2743,307
2744,691
2745,2426
2746,2006
2747,3030
2748,892
2749,3065
2750,2006
2751,2157
2752,2842
2753,652
2754,1823
2755,3027
2756,1702
2757,2762
2758,756
2759,2739
2760,1315
2761,1807
2762,516
2763,278
2764,1287
2765,1491
2766,1148
2767,3245
2768,1530
2769,3047
2770,3094
2771,631
2772,632
2773,2126
2774,3534
2775,2735
2776,1233
2777,3254
2778,3957
2779,3222
2780,1103
2781,499
2782,2111
2783,88
2784,1431
2785,1686
2786,951
2787,1597
2788,2184
2789,1775
2790,2387
2791,1391
2792,1953
2793,924
2794,2338
2795,2147
2796,1183
2797,1708
2798,33
2799,3558
2800,580
2801,404
2802,3117
2803,1605
2804,1491
2805,365
2806,434
2807,2073
2808,3864
2809,649
2810,1826
2811,3597
2812,3525
2813,560
2814,3074
2815,3757
2816,502
2817,2011
2818,3166
2819,365
2820,3734
2821,3916
2822,125
2823,1043
2824,1179
2825,840
2826,3055
2827,3650
2828,2060
2829,370
2830,2819
2831,1220
2832,3650
2833,3366
2834,52
2835,1715
2836,3500
2837,654
2838,99
2839,3236
2840,749
2841,708
2842,3777
2843,592
2844,929
2845,293
2846,259
2847,2656
2848,3805
2849,2382
2850,1112
2851,3957
2852,3123
2853,3478
2854,1366
2855,2034
2856,1973
2857,3848
2858,2992
2859,3334
2860,3985
2861,2459
2862,2116
2863,3481
2864,2138
2865,1807
2866,912
2867,83
2868,2311
2869,1831
2870,2149
2871,1475
2872,981
2873,3293
2874,3892
2875,1427
2876,2120
2877,3846
2878,3141
2879,2022
2880,3566
2881,2564
2882,2151
2883,3946
2884,1892
2885,3394
2886,289
2887,3328
2888,51
2889,3983
2890,1863
2891,3204
2892,1394
2893,3834
2894,3913
2895,2747
2896,2255
2897,2598
2898,2757
2899,2201
2900,2055
2901,2858
2902,3676
2903,1517
2904,3826
2905,1768
2906,353
2907,2665
2908,989
2909,2375
2910,878
2911,2673
2912,2159
2913,3152
2914,1009
2915,2143
2916,2413
2917,3298
2918,1892
2919,49
2920,761
2921,2834
2922,442
2923,2992
2924,116
2925,2370
2926,1173
2927,1149
2928,932
2929,2940
2930,2549
2931,2234
2932,3057
2933,1708
2934,3499
2935,3347
2936,2730
2937,2968
2938,2635
2939,1831
2940,741
2941,3228
2942,2912
2943,663
2944,3363
2945,3718
2946,1593
2947,2953
2948,2225
2949,1803
2950,3937
2951,2105
2952,1867
2953,1188
2954,2988
2955,2173
2956,3547
2957,2344
2958,686
2959,1268
2960,735
2961,3079
2962,1830
2963,2570
2964,2729
2965,3361
2966,3383
2967,3786
2968,1279
2969,513
2970,3927
2971,2625
2972,995
2973,2809
2974,704
2975,458
2976,3533
2977,1819
2978,3491
2979,3292
2980,2132
2981,1617
2982,1469
2983,1740
2984,45
2985,3993
2986,1570
2987,1536
2988,2730
2989,2369
2990,1238
2991,338
2992,387
2993,539
2994,1659
2995,221
2996,3953
2997,1213
2998,3076
2999,7
3000,2743
3001,2231
3002,2567
3003,842
3004,540
3005,3442
3006,3921
3007,3584
3008,3795
3009,2690
3010,2356
3011,3915
3012,444
3013,167
3014,3132
3015,1247
3016,3971
3017,3174
3018,3615
3019,2381
3020,293
3021,1855
3022,3634
3023,2380
3024,2899
3025,779
3026,1784
3027,2822
3028,1712
3029,659
3030,3125
3031,1884
3032,1812
3033,2224
3034,1761
3035,2007
3036,723
3037,3674
3038,1977
3039,2445
3040,1304
3041,1679
3042,2959
3043,2315
3044,970
3045,1667
3046,2529
3047,2885
3048,3473
3049,926
3050,2407
3051,567
3052,3698
3053,2807
3054,2854
3055,3575
3056,2261
3057,2571
3058,3745
3059,538
3060,3432
3061,1273
3062,1296
3063,543
3064,1212
3065,3741
3066,2665
3067,764
3068,2733
3069,1639
3070,3322
3071,2307
3072,1535
3073,3127
3074,2968
3075,1264
3076,356
3077,1496
3078,3857
3079,850
3080,3515
3081,3574
3082,1054
3083,307
3084,1522
3085,3901
3086,1941
3087,262
3088,2892
3089,2607
3090,539
3091,1804
3092,3229
3093,2210
3094,3927
3095,547
3096,1330
3097,1876
3098,3745
3099,3404
3100,333
3101,1035
3102,3385
3103,1879
3104,3886
3105,3406
3106,2324
3107,333
3108,2926
3109,1913
3110,1744
3111,1338
3112,5
3113,1089
3114,3049
3115,2453
3116,2827
3117,1893
3118,3333
3119,1133
3120,1436
3121,1420
3122,3049
3123,2738
3124,1748
3125,1729
3126,1487
3127,412
3128,601
3129,3784
3130,1999
3131,3324
3132,728
3133,636
3134,858
3135,1118
3136,3944
3137,1926
3138,1221
3139,1175
3140,3211
3141,1148
3142,2434
3143,177
3144,1491
3145,692
3146,2763
3147,2768
3148,3553
3149,259
3150,2136
3151,2048
3152,488
3153,1238
3154,688
3155,1917
3156,2608
3157,1964
3158,2715
3159,287
3160,3863
3161,3182
3162,1718
3163,1024
3164,2770
3165,1356
3166,736
3167,1259
3168,945
3169,1494
3170,1233
3171,3554
3172,352
3173,1811
3174,235
3175,2444
3176,1161
3177,2593
3178,776
3179,1401
3180,1879
3181,3626
3182,3219
3183,1043
3184,2902
3185,3744
3186,1267
3187,3300
3188,1270
3189,2965
3190,3425
3191,190
3192,2031
3193,2489
3194,1946
3195,1515
3196,926
3197,1904
3198,2416
3199,561
3200,2381
3201,3439
3202,2908
3203,1249
3204,1712
3205,2931
3206,1774
3207,701
3208,2252
3209,3583
3210,1029
3211,100
3212,1202
3213,3568
3214,3769
3215,1723
3216,489
3217,830
3218,3317
3219,857
3220,3914
3221,1169
3222,2371
3223,1423
3224,1413
3225,1021
3226,192
3227,1682
3228,256
3229,2588
3230,3374
3231,1094
3232,736
3233,3399
3234,1448
3235,2121
3236,480
3237,1777
3238,3056
3239,2170
3240,3294
3241,3455
3242,2437
3243,516
3244,789
3245,2056
3246,16
3247,1323
3248,2725
3249,3717
3250,3293
3251,177
3252,3919
3253,692
3254,2246
3255,645
3256,924
3257,1647
3258,3883
3259,105
3260,1726
3261,2052
3262,3422
3263,3710
3264,3246
3265,2705
3266,411
3267,1582
3268,2835
3269,2591
3270,85
3271,2870
3272,2532
3273,2231
3274,3052
3275,3662
3276,1925
3277,3461
3278,602
3279,2326
3280,1134
3281,3080
3282,3564
3283,255
3284,362
3285,1842
3286,1038
3287,1492
3288,3290
3289,3843
3290,2911
3291,483
3292,1113
3293,2524
3294,1028
3295,523
3296,27
3297,2050
3298,1944
3299,1283
3300,46
3301,2066
3302,2177
3303,3045
3304,419
3305,3867
3306,798
3307,341
3308,3974
3309,2332
3310,2236
3311,50
3312,2504
3313,827
3314,1064
3315,3544
3316,574
3317,2239
3318,511
3319,2960
3320,1570
3321,395
3322,1089
3323,3413
3324,3799
3325,3992
3326,1379
3327,3587
3328,875
3329,1837
3330,100
3331,1565
3332,725
3333,2430
3334,600
3335,1915
3336,2685
3337,3454
3338,3456
3339,1903
3340,2171
3341,2306
3342,3994
3343,722
3344,1079
3345,2419
3346,1908
3347,3600
3348,16
3349,1743
3350,1052
3351,45
3352,248
3353,3325
3354,691
3355,2578
3356,3132
3357,3948
3358,3105
3359,1656
3360,322
3361,2919
3362,2818
3363,2416
3364,3883
3365,1622
3366,3197
3367,1708
3368,2199
3369,1620
3370,757
3371,2798
3372,1320
3373,3497
3374,248
3375,3531
3376,3455
3377,2595
3378,3124
3379,1467
3380,3747
3381,566
3382,586
3383,95
3384,1184
3385,1453
3386,3803
3387,239
3388,3275
3389,3243
3390,3328
3391,2560
3392,996
3393,3075
3394,150
3395,2191
3396,628
3397,2032
3398,1397
3399,205
3400,1878
3401,3954
3402,1249
3403,2278
3404,530
3405,3974
3406,377
3407,2575
3408,580
3409,1888
3410,1549
3411,236
3412,27
3413,264
3414,3021
3415,3291
3416,2238
3417,3662
3418,3101
3419,2432
3420,2569
3421,2571
3422,1252
3423,2254
3424,309
3425,2357
3426,804
3427,1903
3428,1717
3429,1727
3430,1444
3431,784
3432,1660
3433,3147
3434,104
3435,492
3436,669
3437,2765
3438,1794
3439,788
3440,1514
3441,3485
3442,1346
3443,823
3444,2462
3445,1784
3446,3593
3447,1076
3448,2646
3449,2036
3450,251
3451,2521
3452,2425
3453,574
3454,563
3455,1590
3456,505
3457,3698
3458,464
3459,2563
3460,210
3461,246
3462,365
3463,875
3464,911
3465,3348
3466,1455
3467,3252
3468,620
3469,1650
3470,3767
3471,1644
3472,3349
3473,2159
3474,2231
3475,274
3476,3918
3477,3932
3478,2690
3479,2717
3480,716
3481,2932
3482,2587
3483,3405
3484,2400
3485,1657
3486,2351
3487,2956
3488,148
3489,2381
3490,3711
3491,3393
3492,2702
3493,75
3494,3574
3495,1905
3496,401
3497,3232
3498,2969
3499,3186
3500,739
3501,2024
3502,1372
3503,2605
3504,1834
3505,3209
3506,1969
3507,2799
3508,47
3509,3942
3510,1851
3511,3821
3512,1796
3513,1921
3514,3041
3515,785
3516,3137
3517,2833
3518,2621
3519,1445
3520,1802
3521,3259
3522,2324
3523,2491
3524,3885
3525,1840
3526,2145
3527,950
3528,1128
3529,99
3530,2954
3531,985
3532,519
3533,3717
3534,1652
3535,1642
3536,2859
3537,287
3538,2387
3539,3715
3540,3878
3541,2827
3542,729
3543,1557
3544,1986
3545,2320
3546,1871
3547,2136
3548,1729
3549,728
3550,1729
3551,2132
3552,3615
3553,1647
3554,1172
3555,3909
3556,628
3557,3194
3558,435
3559,2351
3560,1079
3561,818
3562,2759
3563,2334
3564,1916
3565,3356
3566,2981
3567,2199
3568,2301
3569,998
3570,2497
3571,2689
3572,598
3573,3071
3574,2112
3575,3018
3576,1642
3577,1588
3578,1899
3579,3575
3580,3780
3581,2467
3582,1823
3583,3532
3584,984
3585,318
3586,3425
3587,116
3588,2087
3589,1309
3590,1264
3591,558
3592,2113
3593,1664
3594,1939
3595,2804
3596,3717
3597,1504
3598,849
3599,3593
3600,2724
3601,561
3602,543
3603,126
3604,932
3605,1911
3606,2131
3607,3233
3608,1216
3609,2017
3610,2360
3611,1954
3612,1517
3613,2470
3614,3035
3615,579
3616,3991
3617,58
3618,545
3619,2524
3620,1225
3621,3757
3622,3899
3623,3657
3624,2092
3625,3841
3626,1426
3627,2320
3628,519
3629,1351
3630,861
3631,3026
3632,1380
3633,3252
3634,3858
3635,2862
3636,3892
3637,1797
3638,3128
3639,780
3640,1480
3641,2348
3642,3546
3643,3437
3644,3680
3645,2421
3646,728
3647,2476
3648,1
3649,90
3650,56
3651,3633
3652,127
3653,3358
3654,3258
3655,818
3656,539
3657,3306
3658,872
3659,2182
3660,1669
3661,1347
3662,748
3663,2920
3664,1186
3665,2020
3666,2588
3667,996
3668,2120
3669,3261
3670,2289
3671,1
3672,2311
3673,2152
3674,3606
3675,1547
3676,1922
3677,1507
3678,3035
3679,2908
3680,2491
3681,751
3682,2088
3683,3942
3684,716
3685,2468
3686,847
3687,1375
3688,241
3689,623
3690,1882
3691,2122
3692,3652
3693,1513
3694,2532
3695,3390
3696,992
3697,1877
3698,2884
3699,2389
3700,2023
3701,1205
3702,3
3703,3987
3704,927
3705,1962
3706,719
3707,2513
3708,983
3709,2534
3710,3208
3711,2885
3712,2439
3713,3823
3714,1015
3715,1200
3716,2453
3717,3475
3718,1631
3719,3939
3720,2868
3721,3715
3722,2475
3723,3567
3724,1031
3725,397
3726,2407
3727,40
3728,964
3729,1242
3730,1355
3731,1589
3732,1427
3733,3936
3734,690
3735,3574
3736,3157
3737,1221
3738,1897
3739,3730
3740,2210
3741,2193
3742,3202
3743,3708
3744,1738
3745,398
3746,2792
3747,2754
3748,125
3749,1791
3750,1229
3751,210
3752,2055
3753,1466
3754,1440
3755,2473
3756,1651
3757,995
3758,2298
3759,314
3760,880
3761,3047
3762,1591
3763,3831
3764,3441
3765,3634
3766,993
3767,62
3768,2861
3769,3757
3770,3752
3771,707
3772,1543
3773,2967
3774,79
3775,2102
3776,2793
3777,1215
3778,2560
3779,721
3780,169
3781,347
3782,1503
3783,3873
3784,3438
3785,1640
3786,1563
3787,238
3788,3691
3789,1215
3790,3265
3791,808
3792,617
3793,272
3794,1355
3795,1712
3796,2436
3797,2974
3798,3990
3799,3232
3800,620
3801,951
3802,593
3803,2648
3804,2155
3805,1198
3806,1393
3807,3462
3808,2854
3809,3606
3810,1377
3811,1201
3812,3069
3813,1885
3814,119
3815,898
3816,396
3817,578
3818,3106
3819,656
3820,2868
3821,1173
3822,2815
3823,1383
3824,1076
3825,2186
3826,779
3827,691
3828,1520
3829,2714
3830,979
3831,1903
3832,340
3833,662
3834,487
3835,2756
3836,3314
3837,424
3838,1645
3839,3392
3840,3719
3841,1256
3842,145
3843,885
3844,2524
3845,1911
3846,1690
3847,1995
3848,3687
3849,2396
3850,152
3851,2724
3852,2066
3853,3513
3854,3354
3855,2345
3856,1523
3857,3241
3858,892
3859,3510
3860,3899
3861,2136
3862,829
3863,3326
3864,2315
3865,1855
3866,2894
3867,476
3868,3775
3869,3482
3870,2662
3871,888
3872,2158
3873,3400
3874,2195
3875,1843
3876,938
3877,638
3878,1004
3879,2223
3880,2434
3881,553
3882,2498
3883,3837
3884,1831
3885,670
3886,2420
3887,2436
3888,332
3889,799
3890,897
3891,3787
3892,3366
3893,3629
3894,1495
3895,1475
3896,1363
3897,1093
3898,2731
3899,212
3900,119
3901,696
3902,1858
3903,2275
3904,897
3905,3178
3906,2956
3907,284
3908,1900
3909,2535
3910,880
3911,3938
3912,65
3913,2557
3914,770
3915,720
3916,3418
3917,2458
3918,658
3919,715
3920,354
3921,579
3922,3678
3923,1350
3924,1048
3925,3789
3926,1671
3927,2513
3928,721
3929,508
3930,3297
3931,1983
3932,1725
3933,2710
3934,3715
3935,1619
3936,3490
3937,1443
3938,511
3939,3495
3940,2405
3941,3428
3942,364
3943,1720
3944,3720
3945,3052
3946,3550
3947,625
3948,3853
3949,2943
3950,2871
3951,530
3952,1112
3953,3270
3954,1463
3955,1468
3956,3506
3957,3340
3958,975
3959,3868
3960,906
3961,3865
3962,2932
3963,1746
3964,1750
3965,1768
3966,686
3967,126
3968,695
3969,1478
3970,2768
3971,3814
3972,538
3973,1002
3974,1538
3975,1925
3976,731
3977,1452
3978,793
3979,1683
3980,2629
3981,3299
3982,681
3983,813
3984,692
3985,638
3986,1361
3987,1089
3988,3451
3989,3710
3990,852
3991,1433
3992,2784
3993,335
3994,2184
3995,2465
3996,389
3997,2690
3998,487
3999,1782
