0,4914
1,7036
2,819
3,8053
4,3179
5,4939
6,1352
7,7576
8,3089
9,3402
10,3037
11,7955
12,4826
13,7757
14,3328
15,4433
16,5379
17,6765
18,4369
19,179
20,1185
21,1318
22,7608
23,5911
24,2772
25,8384
26,2279
27,5882
28,389
29,409
30,1159
31,7897
32,6009
33,3435
34,7846
35,8688
36,7525
37,7111
38,3909
39,5414
40,4633
41,3917
42,1256
43,6349
44,457
45,8423
46,3743
47,425
48,2454
49,2049
50,6410
51,4085
52,4076
53,8711
54,6329
55,3468
56,6052
57,5140
58,296
59,1066
60,5338
61,6753
62,5594
63,4040
64,7993
65,5290
66,333
67,1814
68,4906
69,4473
70,3427
71,2920
72,1899
73,2126
74,5545
75,5536
76,8836
77,7492
78,4351
79,5124
80,7292
81,1000
82,1000
83,7787
84,3995
85,2456
86,3116
87,1457
88,6857
89,2390
90,7753
91,2332
92,1851
93,368
94,185
95,6155
96,790
97,4646
98,164
99,8930
100,7707
101,535
102,5221
103,2580
104,7683
105,7871
106,2395
107,7230
108,8420
109,6009
110,8566
111,2380
112,4338
113,8317
114,5305
115,3914
116,6825
117,4703
118,5959
119,6217
120,3197
121,1748
122,269
123,4884
124,1429
125,5433
126,8823
127,8606
128,836
129,2562
130,1207
131,8041
132,2047
133,355
134,2641
135,4445
136,7381
137,8551
138,5066
139,8196
140,816
141,8762
142,7342
143,7414
144,762
145,5213
146,2016
147,5710
148,8714
149,4374
150,6372
151,3888
152,3446
153,2241
154,257
155,6101
156,4563
157,688
158,3874
159,5389
160,6071
161,3554
162,8891
163,2039
164,4328
165,6915
166,5105
167,2336
168,77
169,4719
170,4338
171,7301
172,4450
173,796
174,2772
175,895
176,3665
177,3923
178,6281
179,3075
180,6643
181,6962
182,6040
183,8362
184,4591
185,5930
186,4935
187,3436
188,3697
189,5936
190,1612
191,3948
192,8452
193,7755
194,6235
195,4680
196,5586
197,6665
198,7634
199,3991
200,1199
201,5181
202,6544
203,7887
204,7902
205,4553
206,2660
207,6474
208,4763
209,1204
210,1649
211,1124
212,3464
213,5992
214,4263
215,6916
216,2211
217,7602
218,7709
219,5868
220,1140
221,1167
222,7170
223,7487
224,5749
225,784
226,7812
227,8767
228,6370
229,7778
230,6671
231,7407
232,1975
233,4812
234,8503
235,6419
236,8873
237,4294
238,401
239,4211
240,4869
241,3914
242,5499
243,5206
244,3668
245,50
246,4444
247,4176
248,1464
249,1910
250,7006
251,1226
252,136
253,671
254,6440
255,6011
256,4687
257,1157
258,7864
259,8520
260,275
261,8818
262,7158
263,5365
264,5330
265,3921
266,5203
267,2392
268,8038
269,1974
270,6312
271,7046
272,4561
273,4940
274,1899
275,28
276,7332
277,5069
278,8909
279,4548
280,5233
281,2105
282,6831
283,3234
284,5072
285,542
286,3354
287,2042
288,6958
289,4815
290,2597
291,6265
292,4626
293,3165
294,2841
295,1196
296,2706
297,4007
298,6385
299,3520
300,7010
301,6047
302,6021
303,8623
304,5524
305,491
306,246
307,707
308,4323
309,3653
310,5756
311,1899
312,1713
313,3159
314,3202
315,6776
316,2777
317,7590
318,3011
319,5890
320,7223
321,3074
322,326
323,8188
324,5387
325,3327
326,6077
327,2448
328,7740
329,2691
330,3812
331,816
332,1425
333,3484
334,1028
335,8402
336,8259
337,6989
338,1567
339,8463
340,3742
341,301
342,694
343,2481
344,2758
345,3077
346,6237
347,3311
348,3782
349,5164
350,8424
351,1534
352,988
353,3585
354,3096
355,6533
356,7977
357,427
358,6390
359,7269
360,8084
361,1040
362,4096
363,5147
364,1430
365,1312
366,3313
367,3420
368,2992
369,6550
370,6426
371,3292
372,1680
373,8907
374,4390
375,2170
376,2227
377,6702
378,3116
379,6140
380,6972
381,3036
382,3333
383,7002
384,5531
385,6648
386,5270
387,4865
388,3392
389,3399
390,7111
391,6263
392,5335
393,2138
394,5321
395,206
396,6526
397,8489
398,6239
399,6504
400,7248
401,5881
402,4083
403,4341
404,8566
405,8514
406,7082
407,107
408,7876
409,367
410,1169
411,5058
412,4071
413,5130
414,3174
415,3186
416,8638
417,8363
418,124
419,3300
420,2102
421,645
422,318
423,8307
424,8039
425,6686
426,3756
427,4597
428,6764
429,8409
430,2155
431,4673
432,800
433,3138
434,5903
435,2095
436,6899
437,1277
438,292
439,22
440,7013
441,6979
442,2322
443,6046
444,4937
445,3618
446,1063
447,4275
448,7690
449,6783
450,766
451,7218
452,8132
453,6171
454,8717
455,315
456,4809
457,3023
458,5772
459,4811
460,2340
461,8334
462,4865
463,4885
464,458
465,950
466,7073
467,4837
468,316
469,8521
470,3289
471,7193
472,6745
473,3950
474,6298
475,868
476,3169
477,2024
478,5747
479,2440
480,7788
481,7368
482,8168
483,3350
484,4288
485,5955
486,6017
487,1365
488,2754
489,778
490,6853
491,6326
492,6676
493,6930
494,6573
495,1944
496,6292
497,7880
498,5813
499,6700
500,4709
501,8051
502,5877
503,375
504,3238
505,973
506,8182
507,6887
508,2209
509,7527
510,7407
511,140
512,1175
513,4976
514,5711
515,2237
516,5670
517,8370
518,5357
519,4724
520,3124
521,162
522,1756
523,3231
524,2237
525,1138
526,1642
527,8884
528,4048
529,3988
530,1712
531,104
532,1489
533,2261
534,3811
535,3660
536,7559
537,3931
538,6744
539,5020
540,8245
541,4629
542,8943
543,8277
544,4694
545,5926
546,3006
547,7819
548,7857
549,2789
550,6111
551,8404
552,5765
553,4372
554,7812
555,3509
556,4261
557,2210
558,3054
559,7414
560,7356
561,7607
562,732
563,2428
564,4964
565,1044
566,313
567,3612
568,4240
569,6309
570,6070
571,2975
572,8954
573,2828
574,8943
575,8606
576,8135
577,1171
578,3010
579,6283
580,8694
581,7950
582,8153
583,4033
584,1591
585,986
586,2385
587,906
588,5752
589,1606
590,7619
591,7403
592,8947
593,8269
594,3055
595,1077
596,2931
597,8420
598,681
599,731
600,837
601,678
602,8356
603,4035
604,4284
605,4794
606,3546
607,7467
608,4436
609,3909
610,934
611,3810
612,2552
613,4674
614,1504
615,2376
616,3928
617,6587
618,4767
619,8274
620,3898
621,7474
622,2078
623,6310
624,8192
625,8256
626,3405
627,6479
628,8714
629,1273
630,528
631,2550
632,7034
633,5498
634,4
635,3709
636,4014
637,361
638,341
639,1369
640,1715
641,4416
642,150
643,7868
644,8492
645,3349
646,8088
647,4987
648,8058
649,6256
650,1283
651,8923
652,8893
653,1337
654,10
655,6315
656,6425
657,7606
658,2280
659,718
660,1252
661,7095
662,3113
663,2295
664,5211
665,5590
666,6196
667,473
668,6413
669,5966
670,2452
671,4770
672,2279
673,431
674,614
675,7108
676,5790
677,1058
678,4101
679,6168
680,2339
681,2359
682,1072
683,3847
684,2352
685,1369
686,5797
687,4446
688,1809
689,6675
690,3198
691,4157
692,2582
693,1778
694,5426
695,4540
696,8852
697,3214
698,2695
699,8418
700,1388
701,3909
702,8363
703,6652
704,4219
705,894
706,562
707,1759
708,4472
709,5711
710,370
711,1402
712,1229
713,5852
714,5490
715,8202
716,413
717,2461
718,6225
719,5995
720,7051
721,7210
722,5483
723,1696
724,5771
725,5949
726,2237
727,7824
728,3362
729,6116
730,4650
731,4589
732,7663
733,6994
734,1526
735,5706
736,5997
737,1985
738,5671
739,2968
740,7873
741,8583
742,4916
743,2277
744,3886
745,810
746,3894
747,6546
748,272
749,640
750,6147
751,2991
752,1021
753,1343
754,2657
755,6077
756,7951
757,7174
758,7607
759,3559
760,3831
761,3358
762,8407
763,6350
764,3692
765,8169
766,5464
767,7664
768,5544
769,5349
770,1728
771,7996
772,1131
773,6381
774,6927
775,1765
776,5377
777,3957
778,5871
779,6073
780,5990
781,6527
782,5487
783,6660
784,1146
785,3031
786,1798
787,5702
788,7104
789,1287
790,1732
791,6557
792,8456
793,5696
794,8140
795,4016
796,2180
797,7374
798,1606
799,3826
800,6064
801,4382
802,4122
803,1007
804,6418
805,2967
806,5975
807,6870
808,4937
809,6354
810,8785
811,459
812,6011
813,6543
814,3352
815,3136
816,1422
817,4413
818,1373
819,2919
820,6527
821,7302
822,2168
823,8135
824,4313
825,1221
826,8428
827,8168
828,8822
829,8093
830,5260
831,2796
832,3113
833,8999
834,3599
835,2765
836,6875
837,5535
838,5479
839,7341
840,8076
841,28
842,2840
843,7869
844,4034
845,6858
846,8091
847,2318
848,4205
849,2678
850,618
851,7766
852,6883
853,8741
854,2158
855,5303
856,8022
857,7841
858,1004
859,8354
860,7635
861,577
862,78
863,4771
864,1151
865,8820
866,3141
867,6169
868,5042
869,5218
870,5357
871,4340
872,1365
873,5359
874,921
875,4211
876,2639
877,7637
878,6157
879,6274
880,3907
881,5845
882,3418
883,6221
884,5398
885,4601
886,5299
887,3371
888,476
889,6609
890,4159
891,1993
892,994
893,2144
894,7904
895,2553
896,246
897,1834
898,2992
899,5696
900,5578
901,7204
902,1267
903,593
904,504
905,4448
906,4303
907,449
908,7983
909,6020
910,7855
911,8336
912,2532
913,7942
914,3944
915,7280
916,2220
917,5278
918,4587
919,4094
920,213
921,2072
922,8089
923,5618
924,4780
925,6828
926,5461
927,6660
928,7489
929,3828
930,1618
931,4789
932,664
933,5049
934,5805
935,2839
936,5408
937,7082
938,3734
939,1922
940,4710
941,6675
942,4264
943,7548
944,412
945,270
946,1744
947,484
948,3362
949,3640
950,6450
951,3236
952,4398
953,7938
954,350
955,7664
956,4528
957,6946
958,4482
959,8743
960,6918
961,5246
962,6777
963,8101
964,1983
965,2381
966,1649
967,2706
968,2643
969,7322
970,3202
971,7963
972,8583
973,2350
974,6843
975,2459
976,4487
977,6592
978,5478
979,205
980,3251
981,8603
982,755
983,161
984,2796
985,6764
986,2099
987,2601
988,6984
989,255
990,6211
991,5622
992,2848
993,6221
994,2152
995,3332
996,4963
997,5796
998,5065
999,6951
1000,2988
1001,7035
1002,3384
1003,8392
1004,4631
1005,3272
1006,5635
1007,5560
1008,4377
1009,4065
1010,8383
1011,3559
1012,8876
1013,3555
1014,6508
1015,7817
1016,2809
1017,7546
1018,7075
1019,4199
1020,5008
1021,181
1022,2867
1023,3469
1024,4252
1025,621
1026,5099
1027,7861
1028,8618
1029,7978
1030,2603
1031,6944
1032,4055
1033,5770
1034,8283
1035,4436
1036,65
1037,5847
1038,637
1039,5310
1040,8350
1041,4668
1042,2694
1043,5965
1044,2777
1045,636
1046,2111
1047,121
1048,3651
1049,2150
1050,6018
1051,7254
1052,4549
1053,2545
1054,672
1055,6361
1056,8420
1057,5976
1058,23
1059,4389
1060,2565
1061,7122
1062,8201
1063,2810
1064,6576
1065,7266
1066,5864
1067,8532
1068,6658
1069,7029
1070,5749
1071,7035
1072,7898
1073,5981
1074,727
1075,3924
1076,5853
1077,7161
1078,6489
1079,3195
1080,92
1081,1134
1082,7548
1083,4691
1084,7299
1085,1407
1086,884
1087,1388
1088,8797
1089,76
1090,447
1091,6480
1092,2787
1093,4938
1094,903
1095,2290
1096,3907
1097,2375
1098,7873
1099,6067
1100,245
1101,1928
1102,950
1103,6587
1104,4337
1105,801
1106,6511
1107,3016
1108,5980
1109,4256
1110,1901
1111,1717
1112,7882
1113,5454
1114,6278
1115,8170
1116,2485
1117,4811
1118,8756
1119,7564
1120,7915
1121,7197
1122,8423
1123,5186
1124,6373
1125,3356
1126,459
1127,4899
1128,4036
1129,1438
1130,2236
1131,838
1132,6095
1133,8562
1134,541
1135,2120
1136,6367
1137,1691
1138,3609
1139,5188
1140,8131
1141,4923
1142,8137
1143,8706
1144,151
1145,6729
1146,4051
1147,1783
1148,7527
1149,1729
1150,4740
1151,1100
1152,5794
1153,4182
1154,988
1155,3742
1156,6658
1157,6838
1158,7631
1159,5281
1160,975
1161,8658
1162,8060
1163,7097
1164,5235
1165,3848
1166,8719
1167,567
1168,3880
1169,8448
1170,4129
1171,733
1172,4838
1173,6791
1174,5287
1175,2830
1176,489
1177,1771
1178,5416
1179,7789
1180,294
1181,8828
1182,3423
1183,5592
1184,4038
1185,4219
1186,1897
1187,48
1188,5172
1189,2722
1190,3528
1191,3040
1192,7784
1193,4639
1194,4030
1195,8832
1196,8462
1197,8503
1198,677
1199,8757
1200,7504
1201,1595
1202,3291
1203,8902
1204,6752
1205,481
1206,4196
1207,46
1208,1242
1209,1241
1210,6391
1211,2849
1212,5574
1213,5442
1214,6962
1215,1412
1216,747
1217,4929
1218,5170
1219,6406
1220,2967
1221,2765
1222,1050
1223,4229
1224,6147
1225,7514
1226,8652
1227,3822
1228,5307
1229,5873
1230,182
1231,3357
1232,6692
1233,5864
1234,6292
1235,4101
1236,8366
1237,1291
1238,2012
1239,6508
1240,8304
1241,3862
1242,4062
1243,2406
1244,626
1245,781
1246,6537
1247,3709
1248,7998
1249,867
1250,5099
1251,1146
1252,6784
1253,2907
1254,7113
1255,1258
1256,989
1257,2991
1258,1596
1259,7520
1260,5519
1261,8115
1262,6365
1263,859
1264,4118
1265,1300
1266,6783
1267,1883
1268,4307
1269,3090
1270,5482
1271,470
1272,1662
1273,3951
1274,7408
1275,2993
1276,879
1277,2579
1278,64
1279,909
1280,8801
1281,622
1282,7233
1283,4872
1284,8746
1285,7392
1286,7880
1287,7469
1288,8600
1289,1697
1290,3234
1291,8281
1292,5782
1293,224
1294,7453
1295,8459
1296,6755
1297,7570
1298,592
1299,6719
1300,6963
1301,6890
1302,7635
1303,7742
1304,6543
1305,3671
1306,666
1307,558
1308,2832
1309,8918
1310,5523
1311,4650
1312,6505
1313,3508
1314,8710
1315,1782
1316,7906
1317,7656
1318,2420
1319,8713
1320,5257
1321,924
1322,1624
1323,1550
1324,3963
1325,6006
1326,2563
1327,5625
1328,4312
1329,2143
1330,7708
1331,2555
1332,2980
1333,1791
1334,3628
1335,3906
1336,7809
1337,6194
1338,6390
1339,8601
1340,162
1341,2083
1342,4245
1343,447
1344,5731
1345,6268
1346,1929
1347,1462
1348,3204
1349,8087
1350,8537
1351,6114
1352,8420
1353,4836
1354,8596
1355,7155
1356,3178
1357,6488
1358,4531
1359,2433
1360,8103
1361,6910
1362,854
1363,3668
1364,23
1365,1556
1366,734
1367,3269
1368,863
1369,7237
1370,5770
1371,7797
1372,5792
1373,4766
1374,1580
1375,1328
1376,3169
1377,600
1378,3667
1379,5604
1380,7091
1381,4977
1382,8507
1383,6028
1384,7773
1385,7318
1386,1377
1387,6204
1388,920
1389,8329
1390,3160
1391,4720
1392,4773
1393,5491
1394,8034
1395,2741
1396,3427
1397,1263
1398,6624
1399,3684
1400,8645
1401,2963
1402,7866
1403,2910
1404,6351
1405,5419
1406,6938
1407,3785
1408,2553
1409,7052
1410,618
1411,8254
1412,7812
1413,5458
1414,6750
1415,7475
1416,3961
1417,8398
1418,4972
1419,6684
1420,2409
1421,3327
1422,1640
1423,4113
1424,5911
1425,3579
1426,964
1427,5691
1428,3154
1429,2283
1430,5957
1431,5873
1432,6438
1433,7393
1434,6800
1435,602
1436,8354
1437,7374
1438,8387
1439,8574
1440,8261
1441,3916
1442,305
1443,4726
1444,3698
1445,5445
1446,8349
1447,3996
1448,8346
1449,199
1450,2384
1451,1127
1452,2064
1453,4316
1454,1709
1455,6175
1456,8807
1457,2554
1458,8825
1459,778
1460,2344
1461,1819
1462,4208
1463,8281
1464,7576
1465,6234
1466,1602
1467,5043
1468,7774
1469,1627
1470,5333
1471,2075
1472,7098
1473,1549
1474,3700
1475,192
1476,6769
1477,8640
1478,6269
1479,7345
1480,6989
1481,8173
1482,7289
1483,6923
1484,1922
1485,8710
1486,2716
1487,7728
1488,1227
1489,3362
1490,4140
1491,4942
1492,1666
1493,7357
1494,3694
1495,4417
1496,6142
1497,146
1498,1923
1499,2742
1500,2631
1501,406
1502,7682
1503,8317
1504,4933
1505,5867
1506,5416
1507,457
1508,6110
1509,3997
1510,8010
1511,6192
1512,2127
1513,8156
1514,4795
1515,7690
1516,3450
1517,1895
1518,1833
1519,2744
1520,1741
1521,449
1522,8145
1523,8946
1524,5115
1525,6139
1526,763
1527,716
1528,92
1529,6686
1530,6408
1531,3806
1532,7320
1533,2867
1534,2047
1535,1503
1536,5985
1537,1265
1538,6648
1539,7693
1540,1677
1541,5961
1542,4256
1543,1188
1544,3570
1545,2465
1546,4874
1547,8545
1548,6661
1549,508
1550,3919
1551,6249
1552,595
1553,8595
1554,2172
1555,6635
1556,1216
1557,6674
1558,2018
1559,8326
1560,8502
1561,257
1562,1363
1563,3600
1564,4613
1565,3037
1566,7784
1567,8853
1568,6217
1569,4307
1570,1160
1571,2608
1572,2105
1573,760
1574,778
1575,3097
1576,8132
1577,7816
1578,955
1579,5651
1580,8046
1581,3217
1582,3435
1583,3568
1584,192
1585,1435
1586,5578
1587,7700
1588,6965
1589,2974
1590,1881
1591,4579
1592,7232
1593,8744
1594,5658
1595,7192
1596,4747
1597,3482
1598,6881
1599,5651
1600,1363
1601,1837
1602,7908
1603,1981
1604,303
1605,4166
1606,7166
1607,8299
1608,2039
1609,60
1610,7297
1611,1381
1612,3682
1613,5194
1614,4057
1615,5978
1616,3775
1617,3613
1618,2574
1619,5914
1620,877
1621,243
1622,8826
1623,8679
1624,2702
1625,446
1626,7273
1627,3305
1628,7238
1629,7692
1630,1813
1631,2197
1632,6417
1633,620
1634,1001
1635,4689
1636,2002
1637,6263
1638,7270
1639,886
1640,1137
1641,7377
1642,5233
1643,7339
1644,692
1645,4283
1646,2933
1647,474
1648,7886
1649,4614
1650,1717
1651,5521
1652,7724
1653,7229
1654,7554
1655,3191
1656,1340
1657,1287
1658,2738
1659,4248
1660,2025
1661,4424
1662,2306
1663,6079
1664,4529
1665,7996
1666,5410
1667,928
1668,4543
1669,5439
1670,1366
1671,4119
1672,6596
1673,8876
1674,486
1675,880
1676,3697
1677,8911
1678,459
1679,3828
1680,2319
1681,2393
1682,8353
1683,8388
1684,896
1685,7968
1686,1596
1687,5221
1688,7014
1689,7088
1690,4979
1691,3049
1692,7288
1693,5410
1694,4522
1695,8534
1696,5822
1697,7064
1698,5851
1699,4389
1700,4802
1701,7738
1702,6740
1703,7081
1704,1078
1705,7072
1706,8411
1707,6089
1708,7508
1709,1700
1710,8582
1711,700
1712,4568
1713,5282
1714,8504
1715,6376
1716,5162
1717,8728
1718,5094
1719,2463
1720,8896
1721,108
1722,4223
1723,5567
1724,6816
1725,7255
1726,7697
1727,3349
1728,4387
1729,4236
1730,4993
1731,2045
1732,7126
1733,564
1734,3442
1735,5272
1736,2273
1737,4761
1738,8447
1739,7530
1740,8754
1741,109
1742,6275
1743,6686
1744,8580
1745,3286
1746,7573
1747,3817
1748,2240
1749,5568
1750,8066
1751,7688
1752,7382
1753,6304
1754,4795
1755,3631
1756,8229
1757,6705
1758,7853
1759,7631
1760,3382
1761,8316
1762,3367
1763,8955
1764,1103
1765,6616
1766,2605
1767,3752
1768,4955
1769,7012
1770,5403
1771,1710
1772,7326
1773,8189
1774,8942
1775,2719
1776,4535
1777,4057
1778,4789
1779,746
1780,5518
1781,6470
1782,2557
1783,340
1784,7668
1785,3799
1786,4905
1787,3573
1788,4994
1789,2572
1790,3000
1791,5530
1792,234
1793,4654
1794,2089
1795,3612
1796,1818
1797,3124
1798,4337
1799,2405
1800,7943
1801,84
1802,1213
1803,3602
1804,2421
1805,1321
1806,2939
1807,5513
1808,8757
1809,669
1810,6067
1811,4120
1812,4295
1813,6356
1814,7163
1815,8287
1816,6919
1817,5478
1818,2567
1819,6900
1820,524
1821,2862
1822,6136
1823,6578
1824,2899
1825,5355
1826,323
1827,7492
1828,8586
1829,4954
1830,5634
1831,7811
1832,1577
1833,8934
1834,5760
1835,2930
1836,4331
1837,3758
1838,4086
1839,6202
1840,3713
1841,8857
1842,5955
1843,8263
1844,6768
1845,5576
1846,6840
1847,966
1848,5201
1849,7087
1850,7504
1851,6129
1852,5950
1853,7954
1854,1430
1855,5817
1856,397
1857,5097
1858,4978
1859,1199
1860,1828
1861,7728
1862,596
1863,7647
1864,5164
1865,7237
1866,6329
1867,6289
1868,1123
1869,8038
1870,3530
1871,4237
1872,377
1873,4262
1874,6409
1875,7002
1876,8116
1877,7220
1878,8095
1879,5795
1880,3663
1881,5169
1882,2425
1883,1584
1884,4165
1885,4812
1886,4577
1887,4020
1888,5172
1889,7179
1890,1793
1891,168
1892,2940
1893,48
1894,3642
1895,6635
1896,1934
1897,5517
1898,5266
1899,444
1900,7257
1901,5734
1902,1068
1903,1606
1904,80
1905,2746
1906,946
1907,7854
1908,5984
1909,6013
1910,7869
1911,8468
1912,4253
1913,141
1914,6109
1915,2116
1916,8228
1917,2911
1918,668
1919,4336
1920,4195
1921,1230
1922,5884
1923,7204
1924,4485
1925,2495
1926,4161
1927,3325
1928,2314
1929,3459
1930,1433
1931,918
1932,7259
1933,8306
1934,4704
1935,6025
1936,1986
1937,6305
1938,8864
1939,1671
1940,6711
1941,7927
1942,4222
1943,6620
1944,8312
1945,1458
1946,1152
1947,4442
1948,4000
1949,1769
1950,1578
1951,8672
1952,2008
1953,2157
1954,4343
1955,686
1956,8924
1957,4737
1958,4509
1959,8824
1960,3660
1961,8603
1962,1217
1963,597
1964,3562
1965,6174
1966,8074
1967,6610
1968,5859
1969,4149
1970,8666
1971,6856
1972,8014
1973,3774
1974,3286
1975,8839
1976,1354
1977,4137
1978,1118
1979,5101
1980,4069
1981,6540
1982,496
1983,6400
1984,2166
1985,4748
1986,4223
1987,2907
1988,4348
1989,346
1990,3201
1991,7952
1992,2608
1993,1815
1994,2463
1995,8378
1996,1772
1997,2070
1998,7701
1999,5654
2000,5927
2001,2996
2002,4129
2003,7638
2004,5769
2005,6878
2006,3968
2007,4425
2008,7152
2009,7088
2010,7756
2011,5331
2012,1790
2013,6461
2014,5698
2015,372
2016,2257
2017,3224
2018,3279
2019,3023
2020,1122
2021,1790
2022,51
2023,8409
2024,8689
2025,4093
2026,3190
2027,2140
2028,7445
2029,6957
2030,4470
2031,640
2032,3874
2033,8218
2034,1235
2035,797
2036,7427
2037,5019
2038,6458
2039,1303
2040,4119
2041,7034
2042,1213
2043,5149
2044,4863
2045,1360
2046,4299
2047,1440
2048,5677
2049,2677
2050,468
2051,6189
2052,233
2053,1720
2054,3141
2055,5360
2056,461
2057,1193
2058,8114
2059,5101
2060,2632
2061,4361
2062,4689
2063,5955
2064,3912
2065,3498
2066,4451
2067,1024
2068,7056
2069,7697
2070,6406
2071,8203
2072,1505
2073,3524
2074,5077
2075,5178
2076,8709
2077,9
2078,7905
2079,1528
2080,1991
2081,165
2082,2776
2083,4018
2084,5069
2085,5494
2086,2156
2087,679
2088,5191
2089,8238
2090,8607
2091,1850
2092,1194
2093,76
2094,3258
2095,7365
2096,2109
2097,5760
2098,4861
2099,7572
2100,1957
2101,1835
2102,3928
2103,6667
2104,7036
2105,6025
2106,712
2107,5612
2108,3876
2109,7252
2110,8638
2111,3081
2112,3737
2113,1110
2114,2457
2115,6106
2116,3036
2117,2043
2118,6548
2119,8564
2120,875
2121,1160
2122,3866
2123,2663
2124,7630
2125,5348
2126,7189
2127,7010
2128,5445
2129,3193
2130,1958
2131,6828
2132,1086
2133,1751
2134,2510
2135,185
2136,298
2137,6030
2138,2715
2139,2872
2140,5287
2141,4677
2142,2255
2143,6950
2144,6304
2145,3228
2146,4595
2147,289
2148,7000
2149,2810
2150,8240
2151,4618
2152,5349
2153,2412
2154,4518
2155,1999
2156,3329
2157,611
2158,8413
2159,6460
2160,5941
2161,1897
2162,2976
2163,4998
2164,1982
2165,151
2166,6315
2167,1811
2168,8793
2169,8430
2170,2721
2171,2466
2172,114
2173,5304
2174,1568
2175,5307
2176,544
2177,6226
2178,3904
2179,2026
2180,7285
2181,4209
2182,7046
2183,8485
2184,6785
2185,677
2186,5975
2187,8535
2188,4686
2189,2110
2190,111
2191,7768
2192,6751
2193,3274
2194,4546
2195,5651
2196,6633
2197,6513
2198,2106
2199,6797
2200,3923
2201,3549
2202,3927
2203,4117
2204,5378
2205,2817
2206,4724
2207,3404
2208,2677
2209,1228
2210,6038
2211,8697
2212,3088
2213,1730
2214,6152
2215,1961
2216,4523
2217,1576
2218,4041
2219,3258
2220,2530
2221,3729
2222,3215
2223,3923
2224,2280
2225,7458
2226,5877
2227,3626
2228,3196
2229,2375
2230,5224
2231,6921
2232,8702
2233,4264
2234,3367
2235,8926
2236,7635
2237,3275
2238,4096
2239,2949
2240,5659
2241,5015
2242,8176
2243,2788
2244,8492
2245,8578
2246,2027
2247,8170
2248,3512
2249,240
2250,7265
2251,5621
2252,2529
2253,3160
2254,6193
2255,2128
2256,724
2257,6773
2258,5327
2259,549
2260,7819
2261,3070
2262,704
2263,6276
2264,2637
2265,7906
2266,2967
2267,3032
2268,6576
2269,8556
2270,2953
2271,6386
2272,5007
2273,6750
2274,4546
2275,7685
2276,262
2277,3661
2278,4746
2279,1997
2280,506
2281,3881
2282,7378
2283,2644
2284,7254
2285,8655
2286,6600
2287,2603
2288,4871
2289,3117
2290,2035
2291,4417
2292,2449
2293,7778
2294,4032
2295,2499
2296,1795
2297,2072
2298,6474
2299,7256
2300,4238
2301,6030
2302,3920
2303,6088
2304,2731
2305,1358
2306,1513
2307,2312
2308,3825
2309,2695
2310,1387
2311,5397
2312,638
2313,6416
2314,7352
2315,2483
2316,7117
2317,394
2318,4562
2319,8616
2320,3038
2321,4265
2322,4749
2323,2634
2324,1563
2325,5199
2326,8570
2327,3865
2328,4350
2329,5861
2330,4925
2331,5298
2332,6008
2333,4214
2334,2068
2335,3449
2336,4732
2337,2610
2338,5720
2339,1675
2340,1386
2341,2020
2342,2784
2343,2853
2344,8800
2345,4600
2346,4376
2347,2837
2348,5075
2349,6381
2350,7481
2351,5811
2352,5611
2353,8610
2354,4969
2355,4323
2356,60
2357,961
2358,3923
2359,721
2360,3833
2361,965
2362,6218
2363,1969
2364,5891
2365,4769
2366,6408
2367,4955
2368,4247
2369,8934
2370,7507
2371,2584
2372,989
2373,8992
2374,2118
2375,6771
2376,7988
2377,5406
2378,2909
2379,2287
2380,444
2381,3788
2382,3105
2383,1344
2384,8619
2385,4838
2386,4924
2387,5288
2388,7193
2389,5348
2390,8031
2391,4546
2392,743
2393,6189
2394,7183
2395,6579
2396,2626
2397,5113
2398,8847
2399,8441
2400,3750
2401,5047
2402,8846
2403,5819
2404,245
2405,5975
2406,7865
2407,8123
2408,2463
2409,3965
2410,5955
2411,6412
2412,8595
2413,458
2414,4160
2415,556
2416,6075
2417,8745
2418,329
2419,6895
2420,5069
2421,6763
2422,5546
2423,6925
2424,7758
2425,4224
2426,4976
2427,2345
2428,5362
2429,7283
2430,8566
2431,1271
2432,4382
2433,472
2434,1030
2435,7786
2436,4071
2437,1444
2438,1812
2439,3455
2440,1275
2441,1457
2442,5710
2443,5377
2444,3244
2445,1173
2446,8400
2447,4282
2448,8229
2449,5918
2450,8461
2451,4706
2452,6965
2453,3996
2454,3183
2455,6167
2456,8289
2457,5506
2458,8671
2459,7730
2460,4534
2461,2867
2462,3952
2463,3769
2464,1012
2465,5957
2466,1694
2467,8231
2468,1142
2469,7269
2470,3204
2471,6676
2472,7853
2473,7863
2474,8019
2475,5578
2476,1548
2477,2647
2478,8535
2479,4037
2480,607
2481,6745
2482,3882
2483,8286
2484,7381
2485,8849
2486,6172
2487,2541
2488,1292
2489,4568
2490,1266
2491,6272
2492,5355
2493,4421
2494,3443
2495,8620
2496,6226
2497,187
2498,7186
2499,702
2500,7598
2501,396
2502,4486
2503,1143
2504,1306
2505,8954
2506,3781
2507,1530
2508,7215
2509,4053
2510,2254
2511,5267
2512,7411
2513,3055
2514,1670
2515,5870
2516,1200
2517,5408
2518,6859
2519,2897
2520,6835
2521,6230
2522,1908
2523,4863
2524,5341
2525,6372
2526,7089
2527,2058
2528,4262
2529,4854
2530,4271
2531,7661
2532,6469
2533,5551
2534,8396
2535,7819
2536,4244
2537,207
2538,3296
2539,6582
2540,8536
2541,5532
2542,2388
2543,6112
2544,431
2545,8491
2546,5941
2547,2031
2548,2594
2549,907
2550,7176
2551,7705
2552,7562
2553,935
2554,3906
2555,1829
2556,5318
2557,1406
2558,2271
2559,6497
2560,5858
2561,209
2562,5176
2563,5141
2564,7804
2565,1392
2566,2850
2567,3204
2568,3104
2569,305
2570,2209
2571,1106
2572,1196
2573,5262
2574,1628
2575,4758
2576,4949
2577,7929
2578,8985
2579,8677
2580,3328
2581,4111
2582,1913
2583,3224
2584,8157
2585,927
2586,3430
2587,2972
2588,2069
2589,2574
2590,1601
2591,5884
2592,1812
2593,6680
2594,8033
2595,4853
2596,5073
2597,2204
2598,8062
2599,6814
2600,3155
2601,804
2602,5611
2603,8329
2604,6718
2605,2528
2606,4601
2607,7850
2608,2451
2609,2278
2610,2360
2611,8988
2612,1213
2613,4240
2614,3784
2615,3314
2616,3168
2617,6515
2618,1942
2619,4601
2620,1220
2621,1239
2622,3395
2623,4735
2624,6343
2625,2727
2626,1310
2627,6751
2628,4616
2629,1175
2630,2666
2631,8893
2632,4295
2633,5501
2634,170
2635,1888
2636,3971
2637,8358
2638,5536
2639,4481
2640,3348
2641,3614
2642,1525
2643,7039
2644,5558
2645,3938
2646,7075
2647,5348
2648,6719
2649,5638
2650,4014
2651,8111
2652,5927
2653,3270
2654,1208
2655,2718
2656,1806
2657,5595
2658,5876
2659,2640
2660,2709
2661,261
2662,2035
2663,973
2664,5138
2665,1199
2666,826
2667,5611
2668,1902
2669,4436
2670,3085
2671,6886
2672,2243
2673,3939
2674,7788
2675,3770
2676,4767
2677,6201
2678,6315
2679,7920
2680,4342
2681,412
2682,5280
2683,1547
2684,3068
2685,8488
2686,5942
2687,6558
2688,2335
2689,8416
2690,3814
2691,4324
2692,3394
2693,642
2694,8189
2695,8667
2696,8342
2697,7591
2698,4216
2699,4893
2700,8924
2701,8589
2702,444
2703,2189
2704,3702
2705,5451
2706,4450
2707,1475
2708,5691
2709,4513
2710,647
2711,5132
2712,7993
2713,2922
2714,3866
2715,7665
2716,8860
2717,6415
2718,8487
2719,6729
2720,3469
2721,2913
2722,6520
2723,4174
2724,7222
2725,5114
2726,6539
2727,8657
2728,8177
2729,2424
2730,3423
2731,2139
2732,8528
2733,7031
2734,4520
2735,5794
2736,6792
2737,3778
2738,8306
2739,7684
2740,3375
2741,14
2742,8754
2743,3498
2744,5132
2745,4507
2746,327
2747,4732
2748,6101
2749,2104
2750,4168
2751,4181
2752,3603
2753,346
2754,4255
2755,2083
2756,1043
2757,2776
2758,4699
2759,2517
2760,518
2761,950
2762,5827
2763,1849
2764,7311
2765,4284
2766,8806
2767,3601
2768,1356
2769,7851
2770,2352
2771,7745
2772,2958
2773,2284
2774,7535
2775,1136
2776,4099
2777,8540
2778,8380
2779,4889
2780,1731
2781,1095
2782,612
2783,253
2784,6191
2785,6760
2786,2566
2787,6662
2788,7125
2789,4842
2790,1655
2791,7538
2792,4704
2793,3254
2794,1617
2795,3714
2796,1877
2797,3922
2798,2298
2799,3263
2800,6192
2801,8514
2802,2737
2803,8280
2804,4805
2805,5270
2806,6819
2807,1225
2808,4794
2809,2288
2810,5963
2811,4724
2812,6713
2813,7504
2814,2713
2815,1157
2816,1108
2817,174
2818,521
2819,108
2820,3625
2821,6610
2822,6420
2823,8516
2824,4613
2825,6395
2826,524
2827,8475
2828,1741
2829,579
2830,1824
2831,4982
2832,6711
2833,3876
2834,6375
2835,6971
2836,7367
2837,2426
2838,178
2839,450
2840,2653
2841,6027
2842,3498
2843,7112
2844,4940
2845,5599
2846,3777
2847,3121
2848,3014
2849,4488
2850,5516
2851,1201
2852,722
2853,7454
2854,6101
2855,7072
2856,5880
2857,898
2858,7576
2859,3728
2860,8171
2861,1781
2862,1899
2863,4060
2864,1213
2865,5692
2866,8760
2867,5702
2868,7161
2869,6634
2870,6767
2871,1125
2872,1041
2873,3538
2874,604
2875,5794
2876,4351
2877,2151
2878,1417
2879,5333
2880,7993
2881,699
2882,6836
2883,913
2884,4006
2885,8856
2886,6224
2887,3864
2888,8620
2889,7166
2890,3537
2891,6436
2892,6676
2893,3338
2894,3569
2895,8796
2896,2238
2897,2975
2898,5136
2899,4031
2900,2718
2901,3995
2902,3048
2903,6784
2904,7176
2905,2257
2906,4942
2907,5749
2908,2951
2909,4630
2910,4812
2911,902
2912,2425
2913,1514
2914,5900
2915,2503
2916,5390
2917,37
2918,1399
2919,5290
2920,7375
2921,8372
2922,2548
2923,5452
2924,5428
2925,3023
2926,6308
2927,4914
2928,6230
2929,8800
2930,457
2931,536
2932,4115
2933,7161
2934,6935
2935,4909
2936,2071
2937,2346
2938,7291
2939,4199
2940,3151
2941,8815
2942,8992
2943,6726
2944,1841
2945,2466
2946,8448
2947,7280
2948,3176
2949,6874
2950,6079
2951,8073
2952,1844
2953,6919
2954,7508
2955,444
2956,7390
2957,8056
2958,6913
2959,2570
2960,7225
2961,2395
2962,73
2963,5213
2964,6771
2965,5472
2966,1001
2967,2482
2968,7818
2969,2779
2970,1807
2971,1570
2972,4028
2973,8549
2974,2319
2975,6811
2976,5423
2977,606
2978,8821
2979,3199
2980,936
2981,8233
2982,2420
2983,4097
2984,4127
2985,5955
2986,309
2987,5423
2988,1918
2989,5161
2990,3803
2991,2360
2992,5314
2993,5261
2994,4947
2995,8916
2996,475
2997,884
2998,714
2999,1562
3000,5534
3001,7912
3002,6982
3003,1146
3004,8537
3005,1677
3006,830
3007,1712
3008,606
3009,1386
3010,230
3011,2369
3012,8537
3013,3479
3014,4874
3015,1782
3016,4884
3017,5941
3018,2923
3019,5738
3020,1234
3021,1197
3022,6720
3023,1025
3024,1967
3025,3329
3026,844
3027,3551
3028,3030
3029,5273
3030,4061
3031,145
3032,6245
3033,3324
3034,2613
3035,3756
3036,179
3037,1708
3038,6169
3039,6369
3040,7202
3041,5787
3042,7311
3043,5690
3044,8760
3045,2447
3046,2724
3047,5236
3048,5351
3049,6208
3050,1819
3051,7256
3052,547
3053,4658
3054,3666
3055,6152
3056,7588
3057,4212
3058,2351
3059,8554
3060,3129
3061,1251
3062,1511
3063,2948
3064,8437
3065,435
3066,6175
3067,3308
3068,6622
3069,4364
3070,444
3071,18
3072,2223
3073,8389
3074,3836
3075,8974
3076,3344
3077,7255
3078,7687
3079,6767
3080,5628
3081,5152
3082,8344
3083,6719
3084,5824
3085,2035
3086,4710
3087,1112
3088,5227
3089,321
3090,1384
3091,6770
3092,2496
3093,5174
3094,2893
3095,4517
3096,6888
3097,3794
3098,616
3099,126
3100,4125
3101,1162
3102,3922
3103,8192
3104,4921
3105,5858
3106,3594
3107,3976
3108,2926
3109,210
3110,4879
3111,4412
3112,2175
3113,6490
3114,6791
3115,6096
3116,3194
3117,2107
3118,1736
3119,4223
3120,6481
3121,3540
3122,4955
3123,5731
3124,606
3125,3125
3126,8664
3127,274
3128,4636
3129,4804
3130,7908
3131,8261
3132,7924
3133,2930
3134,2336
3135,4445
3136,4421
3137,8456
3138,4132
3139,2908
3140,6405
3141,5611
3142,8848
3143,7934
3144,3524
3145,314
3146,4018
3147,3194
3148,8192
3149,5752
3150,827
3151,8265
3152,2
3153,3770
3154,4940
3155,3569
3156,5623
3157,3406
3158,3407
3159,8526
3160,3
3161,8758
3162,1848
3163,2774
3164,768
3165,1296
3166,5338
3167,1879
3168,973
3169,8475
3170,4670
3171,3328
3172,8906
3173,968
3174,6030
3175,4729
3176,663
3177,3154
3178,7519
3179,1367
3180,1563
3181,1316
3182,237
3183,3632
3184,674
3185,4318
3186,2704
3187,3031
3188,2728
3189,3275
3190,4868
3191,7117
3192,5867
3193,5194
3194,3671
3195,1820
3196,4005
3197,8415
3198,4732
3199,8329
3200,5214
3201,1990
3202,2876
3203,5094
3204,8168
3205,3731
3206,7028
3207,497
3208,1172
3209,6144
3210,6577
3211,2892
3212,3682
3213,2516
3214,1816
3215,3609
3216,6221
3217,5517
3218,3314
3219,2146
3220,2141
3221,8146
3222,6061
3223,3347
3224,2694
3225,2271
3226,494
3227,4525
3228,6934
3229,2893
3230,1913
3231,2463
3232,1228
3233,5141
3234,5459
3235,3706
3236,8828
3237,7449
3238,2799
3239,8690
3240,31
3241,7592
3242,3629
3243,5045
3244,5351
3245,1252
3246,329
3247,2401
3248,3127
3249,74
3250,8487
3251,2270
3252,5353
3253,1029
3254,5212
3255,5820
3256,6410
3257,8695
3258,4231
3259,7010
3260,6952
3261,7957
3262,3919
3263,1733
3264,3131
3265,8837
3266,8622
3267,2362
3268,4481
3269,1863
3270,2067
3271,2504
3272,4644
3273,3949
3274,8477
3275,6829
3276,7038
3277,0
3278,6227
3279,1451
3280,1229
3281,5577
3282,2953
3283,5486
3284,3945
3285,3081
3286,1285
3287,5677
3288,6497
3289,3430
3290,7456
3291,2346
3292,8014
3293,4346
3294,792
3295,8288
3296,832
3297,5817
3298,6097
3299,7792
3300,6340
3301,695
3302,5460
3303,4112
3304,3959
3305,5899
3306,2784
3307,6768
3308,3972
3309,4660
3310,6588
3311,4523
3312,6433
3313,4455
3314,7854
3315,6111
3316,1960
3317,1290
3318,8542
3319,5344
3320,4649
3321,672
3322,4548
3323,5167
3324,6541
3325,6162
3326,6857
3327,146
3328,8293
3329,6422
3330,3577
3331,1417
3332,8913
3333,3574
3334,5301
3335,4084
3336,7140
3337,4375
3338,5575
3339,2348
3340,6068
3341,8036
3342,8766
3343,605
3344,2000
3345,1551
3346,4722
3347,124
3348,8387
3349,4836
3350,1721
3351,4267
3352,7285
3353,6778
3354,5616
3355,918
3356,6584
3357,4255
3358,8661
3359,2577
3360,2567
3361,735
3362,6721
3363,8632
3364,7035
3365,8000
3366,7883
3367,1650
3368,6759
3369,6156
3370,3143
3371,7515
3372,8499
3373,6828
3374,8438
3375,7685
3376,1895
3377,8214
3378,3783
3379,3002
3380,7157
3381,1427
3382,2563
3383,377
3384,560
3385,6280
3386,1358
3387,8194
3388,3900
3389,6398
3390,7530
3391,7792
3392,3459
3393,2600
3394,6029
3395,3114
3396,1278
3397,5737
3398,5154
3399,605
3400,7837
3401,7751
3402,2741
3403,4074
3404,2909
3405,5552
3406,5416
3407,7999
3408,7864
3409,3183
3410,8283
3411,2365
3412,2587
3413,1011
3414,8008
3415,7318
3416,3672
3417,5036
3418,1164
3419,6928
3420,3524
3421,7995
3422,3730
3423,7139
3424,5827
3425,6126
3426,2530
3427,7202
3428,191
3429,660
3430,6478
3431,5889
3432,3624
3433,1803
3434,8364
3435,5364
3436,4917
3437,6323
3438,5272
3439,800
3440,1536
3441,8454
3442,809
3443,7433
3444,6336
3445,5407
3446,8380
3447,7470
3448,6688
3449,6645
3450,3094
3451,6676
3452,5197
3453,2402
3454,4842
3455,5558
3456,1172
3457,5020
3458,3330
3459,6654
3460,3490
3461,4143
3462,3403
3463,8635
3464,7717
3465,4372
3466,153
3467,8310
3468,7920
3469,4107
3470,8369
3471,594
3472,6484
3473,5888
3474,6174
3475,7353
3476,2417
3477,7077
3478,2898
3479,1189
3480,2044
3481,2572
3482,6390
3483,7226
3484,7458
3485,3311
3486,6966
3487,8757
3488,4859
3489,8566
3490,3987
3491,2176
3492,618
3493,8500
3494,8260
3495,2581
3496,1672
3497,6207
3498,5823
3499,52
3500,8233
3501,1698
3502,4832
3503,8907
3504,3710
3505,1089
3506,4780
3507,7281
3508,8817
3509,7512
3510,8824
3511,328
3512,4328
3513,2495
3514,4586
3515,6125
3516,776
3517,334
3518,4905
3519,2724
3520,7450
3521,5041
3522,2145
3523,6628
3524,1611
3525,5721
3526,2478
3527,1685
3528,6190
3529,479
3530,7898
3531,1170
3532,2068
3533,1061
3534,5625
3535,8806
3536,4460
3537,8491
3538,5121
3539,1927
3540,8117
3541,1243
3542,8632
3543,5730
3544,136
3545,7418
3546,3133
3547,2825
3548,7402
3549,1299
3550,5896
3551,720
3552,4207
3553,8585
3554,4878
3555,5360
3556,4979
3557,1736
3558,2669
3559,1725
3560,4265
3561,3865
3562,2790
3563,6267
3564,910
3565,4345
3566,8624
3567,1768
3568,5040
3569,6908
3570,8056
3571,1957
3572,4385
3573,643
3574,7822
3575,4710
3576,7455
3577,1288
3578,5980
3579,3156
3580,8613
3581,3505
3582,4536
3583,1068
3584,5340
3585,7977
3586,5368
3587,1446
3588,6883
3589,7678
3590,7317
3591,6643
3592,7503
3593,4792
3594,3679
3595,8259
3596,4947
3597,3416
3598,6096
3599,4843
3600,2080
3601,6336
3602,3702
3603,520
3604,1455
3605,6228
3606,3760
3607,7050
3608,6883
3609,4509
3610,2857
3611,8240
3612,2325
3613,6174
3614,2562
3615,7148
3616,7431
3617,4181
3618,922
3619,6586
3620,3458
3621,2328
3622,5113
3623,8930
3624,2986
3625,2976
3626,2538
3627,3672
3628,1806
3629,3967
3630,4471
3631,700
3632,4686
3633,7922
3634,382
3635,571
3636,6382
3637,2923
3638,4792
3639,8842
3640,6199
3641,6189
3642,146
3643,561
3644,7389
3645,3724
3646,4125
3647,5820
3648,5435
3649,8537
3650,3089
3651,6793
3652,545
3653,5488
3654,6838
3655,5639
3656,1480
3657,478
3658,4602
3659,8580
3660,1684
3661,3730
3662,3975
3663,2008
3664,3800
3665,2142
3666,7316
3667,5075
3668,1392
3669,5602
3670,8051
3671,3328
3672,3239
3673,7525
3674,2171
3675,6069
3676,7673
3677,137
3678,3492
3679,7528
3680,8723
3681,2146
3682,8655
3683,7679
3684,5447
3685,8723
3686,3368
3687,3908
3688,75
3689,5693
3690,284
3691,1027
3692,369
3693,7372
3694,5397
3695,8354
3696,1985
3697,5193
3698,1724
3699,2900
3700,5594
3701,4061
3702,5293
3703,6953
3704,3239
3705,2145
3706,7478
3707,422
3708,6414
3709,6791
3710,2778
3711,892
3712,1365
3713,8900
3714,4034
3715,7944
3716,685
3717,8557
3718,6507
3719,7054
3720,6465
3721,1570
3722,3699
3723,6979
3724,895
3725,6619
3726,2124
3727,7622
3728,8876
3729,6534
3730,4779
3731,4937
3732,2487
3733,7026
3734,4602
3735,8514
3736,3843
3737,4068
3738,3721
3739,1393
3740,6056
3741,4203
3742,7292
3743,4981
3744,1212
3745,5818
3746,2518
3747,2167
3748,4610
3749,7681
3750,7483
3751,7122
3752,7828
3753,5112
3754,7466
3755,4742
3756,6509
3757,3418
3758,3010
3759,5960
3760,4423
3761,705
3762,8564
3763,3383
3764,3811
3765,3596
3766,3894
3767,4462
3768,8104
3769,8386
3770,831
3771,2241
3772,1474
3773,2665
3774,2190
3775,8013
3776,7619
3777,8976
3778,7469
3779,745
3780,6000
3781,37
3782,803
3783,6163
3784,7178
3785,1644
3786,2536
3787,3632
3788,6605
3789,7852
3790,809
3791,6388
3792,4909
3793,6535
3794,8179
3795,3482
3796,8851
3797,1479
3798,3044
3799,1257
3800,3552
3801,7504
3802,8245
3803,2299
3804,353
3805,1653
3806,4691
3807,4266
3808,8288
3809,979
3810,2021
3811,6073
3812,8283
3813,7548
3814,408
3815,6405
3816,8022
3817,1585
3818,3222
3819,5167
3820,2275
3821,2863
3822,8502
3823,3279
3824,402
3825,8084
3826,8204
3827,5965
3828,2131
3829,5974
3830,8593
3831,5927
3832,8448
3833,1505
3834,1733
3835,290
3836,1336
3837,8435
3838,4961
3839,2127
3840,4438
3841,2246
3842,7649
3843,5341
3844,1760
3845,7025
3846,1550
3847,2668
3848,1891
3849,1115
3850,3330
3851,4029
3852,3132
3853,8133
3854,2020
3855,6491
3856,7705
3857,6867
3858,8828
3859,5829
3860,8030
3861,5319
3862,5593
3863,84
3864,5748
3865,3729
3866,6341
3867,4396
3868,5164
3869,2039
3870,1602
3871,4872
3872,2441
3873,1325
3874,902
3875,2158
3876,6251
3877,3490
3878,1137
3879,4020
3880,1079
3881,8702
3882,4191
3883,1270
3884,2844
3885,5955
3886,8673
3887,7790
3888,3200
3889,5872
3890,7646
3891,8510
3892,1161
3893,5316
3894,7271
3895,8572
3896,1416
3897,1309
3898,5856
3899,7163
3900,4768
3901,1421
3902,8411
3903,8650
3904,6341
3905,4669
3906,3302
3907,7099
3908,7343
3909,5841
3910,3508
3911,3162
3912,1701
3913,6744
3914,3970
3915,3808
3916,7486
3917,4910
3918,6679
3919,8139
3920,298
3921,3207
3922,7054
3923,3115
3924,5479
3925,7330
3926,8841
3927,3852
3928,4345
3929,3544
3930,3347
3931,5755
3932,8337
3933,2752
3934,2743
3935,1255
3936,6461
3937,5249
3938,6111
3939,6182
3940,4896
3941,707
3942,2101
3943,5217
3944,8912
3945,8730
3946,5405
3947,2812
3948,6070
3949,3112
3950,1643
3951,1054
3952,4155
3953,2781
3954,3961
3955,1225
3956,7325
3957,5382
3958,585
3959,8255
3960,6209
3961,7663
3962,2457
3963,5050
3964,1114
3965,2910
3966,6604
3967,7749
3968,143
3969,6582
3970,8964
3971,5804
3972,5427
3973,4404
3974,4230
3975,3196
3976,4638
3977,5458
3978,8654
3979,6681
3980,6073
3981,4038
3982,433
3983,5187
3984,2983
3985,4430
3986,7330
3987,5212
3988,1623
3989,2322
3990,3164
3991,1808
3992,4157
3993,533
3994,5822
3995,6769
3996,8464
3997,8561
3998,7180
3999,1343
4000,1158
4001,5831
4002,1906
4003,2672
4004,7636
4005,3496
4006,2132
4007,169
4008,3378
4009,2003
4010,328
4011,489
4012,1603
4013,212
4014,4757
4015,6374
4016,746
4017,1556
4018,3101
4019,8255
4020,5007
4021,6451
4022,2830
4023,2509
4024,1209
4025,3759
4026,7318
4027,4767
4028,5542
4029,679
4030,7452
4031,2481
4032,3422
4033,1080
4034,2524
4035,5295
4036,8054
4037,7339
4038,3530
4039,859
4040,6064
4041,5682
4042,688
4043,1857
4044,6567
4045,8413
4046,6442
4047,8212
4048,3864
4049,38
4050,5183
4051,2231
4052,5692
4053,5932
4054,4690
4055,5106
4056,2898
4057,5968
4058,6710
4059,4454
4060,3417
4061,4298
4062,3064
4063,2951
4064,8571
4065,3742
4066,1550
4067,4309
4068,4598
4069,3521
4070,6334
4071,6543
4072,7588
4073,8946
4074,4865
4075,3581
4076,3018
4077,2863
4078,8766
4079,1096
4080,1653
4081,2285
4082,4042
4083,5112
4084,8384
4085,4115
4086,5477
4087,1809
4088,8026
4089,3596
4090,5961
4091,8155
4092,8797
4093,6775
4094,8804
4095,7781
4096,945
4097,7909
4098,6436
4099,6006
4100,2239
4101,2526
4102,8522
4103,6375
4104,7194
4105,5336
4106,6055
4107,1560
4108,551
4109,3165
4110,1835
4111,7493
4112,1365
4113,1463
4114,3500
4115,6773
4116,8535
4117,1411
4118,4939
4119,743
4120,3615
4121,6160
4122,4651
4123,4482
4124,317
4125,8274
4126,8699
4127,3815
4128,7620
4129,2415
4130,283
4131,3573
4132,2286
4133,6461
4134,1331
4135,5369
4136,4782
4137,8295
4138,630
4139,31
4140,3995
4141,6226
4142,557
4143,5977
4144,7724
4145,7032
4146,121
4147,6315
4148,3926
4149,2096
4150,4512
4151,8265
4152,3203
4153,8671
4154,8816
4155,926
4156,269
4157,3343
4158,722
4159,8482
4160,7369
4161,1794
4162,8798
4163,5718
4164,8614
4165,5084
4166,3444
4167,4855
4168,3780
4169,8283
4170,35
4171,4149
4172,7449
4173,404
4174,1186
4175,2431
4176,950
4177,1034
4178,5267
4179,8550
4180,4409
4181,1005
4182,672
4183,1610
4184,2508
4185,3189
4186,1317
4187,8068
4188,4058
4189,6850
4190,2165
4191,8185
4192,8850
4193,3474
4194,6905
4195,1951
4196,5324
4197,2813
4198,1203
4199,4783
4200,5224
4201,5289
4202,3433
4203,6808
4204,3038
4205,5749
4206,980
4207,2780
4208,95
4209,3548
4210,2352
4211,4537
4212,2227
4213,5744
4214,1030
4215,7822
4216,7028
4217,4631
4218,261
4219,6647
4220,8280
4221,7287
4222,3512
4223,3887
4224,3140
4225,8330
4226,8033
4227,1114
4228,1107
4229,8990
4230,4986
4231,4020
4232,3110
4233,1860
4234,2548
4235,4113
4236,6997
4237,6946
4238,8448
4239,1594
4240,5756
4241,5855
4242,3395
4243,1809
4244,6664
4245,7563
4246,1240
4247,3601
4248,2953
4249,841
4250,3789
4251,4420
4252,3994
4253,8913
4254,5798
4255,4027
4256,4491
4257,5078
4258,1512
4259,3412
4260,6408
4261,8305
4262,7910
4263,7675
4264,602
4265,8016
4266,2312
4267,863
4268,6771
4269,759
4270,5522
4271,4055
4272,6391
4273,5913
4274,5833
4275,7417
4276,8566
4277,2035
4278,5807
4279,839
4280,1069
4281,8493
4282,4911
4283,4415
4284,7213
4285,2326
4286,4357
4287,206
4288,371
4289,4779
4290,140
4291,8632
4292,518
4293,1939
4294,2995
4295,1182
4296,512
4297,3498
4298,5946
4299,6548
4300,1163
4301,6592
4302,1438
4303,254
4304,2189
4305,4190
4306,8932
4307,3486
4308,5478
4309,3932
4310,7610
4311,4429
4312,4382
4313,1394
4314,8121
4315,4212
4316,6932
4317,4273
4318,2047
4319,1389
4320,2441
4321,2124
4322,3609
4323,7083
4324,5114
4325,1872
4326,3757
4327,7650
4328,4988
4329,8782
4330,5253
4331,4429
4332,6482
4333,433
4334,5720
4335,3555
4336,8370
4337,665
4338,1402
4339,4236
4340,3262
4341,2306
4342,7076
4343,6997
4344,567
4345,4417
4346,5942
4347,1902
4348,1731
4349,8429
4350,3281
4351,6949
4352,7863
4353,2726
4354,7505
4355,1969
4356,24
4357,2196
4358,6807
4359,8732
4360,7474
4361,8078
4362,5237
4363,8549
4364,5924
4365,7262
4366,3403
4367,7426
4368,2443
4369,3574
4370,5422
4371,5455
4372,1546
4373,1905
4374,656
4375,8917
4376,8891
4377,7440
4378,659
4379,3442
4380,8456
4381,2775
4382,3126
4383,3784
4384,146
4385,5764
4386,3370
4387,2309
4388,4731
4389,5251
4390,1287
4391,6455
4392,7119
4393,5977
4394,3103
4395,5929
4396,3652
4397,4619
4398,772
4399,5255
4400,3898
4401,3833
4402,6109
4403,4850
4404,125
4405,3717
4406,5267
4407,3760
4408,32
4409,4154
4410,8746
4411,4907
4412,2740
4413,5395
4414,3260
4415,2892
4416,5911
4417,7114
4418,7375
4419,2820
4420,5815
4421,2521
4422,247
4423,4711
4424,1677
4425,5432
4426,1054
4427,3645
4428,414
4429,508
4430,7687
4431,118
4432,1508
4433,4616
4434,7290
4435,6442
4436,8804
4437,6738
4438,8593
4439,1746
4440,3241
4441,6500
4442,7257
4443,4734
4444,8990
4445,2766
4446,1293
4447,4188
4448,2704
4449,6541
4450,7525
4451,7394
4452,3537
4453,7186
4454,6627
4455,2520
4456,6585
4457,6625
4458,998
4459,269
4460,5559
4461,812
4462,4663
4463,6588
4464,7766
4465,732
4466,7641
4467,1594
4468,3515
4469,8164
4470,1966
4471,3807
4472,7522
4473,2945
4474,7428
4475,8343
4476,2015
4477,8114
4478,4302
4479,5004
4480,5042
4481,5720
4482,8847
4483,8314
4484,3893
4485,2250
4486,2777
4487,1710
4488,4343
4489,760
4490,6587
4491,772
4492,3939
4493,6529
4494,5362
4495,7547
4496,4866
4497,3635
4498,966
4499,2919
4500,8188
4501,7862
4502,8445
4503,6756
4504,1990
4505,3014
4506,8829
4507,785
4508,7886
4509,2676
4510,6731
4511,6728
4512,978
4513,3975
4514,793
4515,8537
4516,4870
4517,4380
4518,3211
4519,1502
4520,5828
4521,2727
4522,4514
4523,270
4524,2101
4525,4269
4526,4306
4527,8937
4528,3542
4529,3520
4530,6430
4531,1341
4532,78
4533,1214
4534,6067
4535,379
4536,8763
4537,790
4538,6098
4539,2849
4540,2157
4541,8671
4542,4143
4543,3173
4544,706
4545,2311
4546,6759
4547,762
4548,5473
4549,4694
4550,8622
4551,3266
4552,8042
4553,365
4554,5550
4555,5937
4556,5538
4557,4045
4558,7828
4559,2913
4560,7732
4561,4048
4562,1156
4563,3032
4564,1179
4565,7990
4566,1420
4567,4626
4568,1972
4569,6133
4570,1150
4571,4131
4572,5184
4573,1769
4574,7352
4575,3621
4576,3464
4577,8876
4578,8701
4579,5459
4580,6817
4581,8290
4582,3534
4583,600
4584,2910
4585,275
4586,7675
4587,7623
4588,7461
4589,6806
4590,5835
4591,5640
4592,514
4593,4222
4594,7204
4595,5931
4596,8991
4597,1195
4598,8964
4599,8716
4600,901
4601,6520
4602,7086
4603,6547
4604,2876
4605,2381
4606,3448
4607,6366
4608,6590
4609,6649
4610,5208
4611,3734
4612,2658
4613,2101
4614,8743
4615,6051
4616,8509
4617,5599
4618,2526
4619,3613
4620,6579
4621,1250
4622,7213
4623,2440
4624,3162
4625,8422
4626,4139
4627,1066
4628,1143
4629,6946
4630,3327
4631,8061
4632,7954
4633,835
4634,7820
4635,420
4636,7357
4637,94
4638,2452
4639,35
4640,3290
4641,7802
4642,8740
4643,103
4644,1162
4645,307
4646,1108
4647,4383
4648,4689
4649,3533
4650,6114
4651,3662
4652,5159
4653,2622
4654,4932
4655,1470
4656,4066
4657,3709
4658,2859
4659,5051
4660,8055
4661,2661
4662,2880
4663,7689
4664,1095
4665,5600
4666,8406
4667,8642
4668,8182
4669,6122
4670,2271
4671,1184
4672,319
4673,6227
4674,27
4675,219
4676,5914
4677,1120
4678,8835
4679,2328
4680,6032
4681,3368
4682,2107
4683,7223
4684,2742
4685,2206
4686,5853
4687,7975
4688,4180
4689,4983
4690,2211
4691,7264
4692,8002
4693,4297
4694,292
4695,6476
4696,4584
4697,6645
4698,7192
4699,4651
4700,1003
4701,6107
4702,6983
4703,7441
4704,1608
4705,3497
4706,2699
4707,3086
4708,8609
4709,5264
4710,8454
4711,2227
4712,4
4713,116
4714,3605
4715,3436
4716,843
4717,3797
4718,292
4719,4358
4720,94
4721,4950
4722,2540
4723,6438
4724,4572
4725,3242
4726,6879
4727,8771
4728,3497
4729,3374
4730,1500
4731,3305
4732,2601
4733,5486
4734,7902
4735,8083
4736,1763
4737,1288
4738,711
4739,884
4740,5025
4741,6695
4742,4185
4743,8618
4744,6043
4745,2949
4746,2069
4747,5064
4748,139
4749,513
4750,5813
4751,2263
4752,4763
4753,953
4754,2107
4755,5352
4756,1690
4757,5955
4758,2709
4759,1472
4760,8526
4761,1118
4762,7264
4763,2272
4764,8364
4765,2208
4766,3145
4767,5472
4768,5307
4769,6883
4770,6707
4771,2280
4772,6790
4773,5849
4774,1114
4775,4259
4776,7783
4777,7744
4778,870
4779,2552
4780,161
4781,4181
4782,1011
4783,5694
4784,6911
4785,5465
4786,1741
4787,7043
4788,2216
4789,50
4790,6321
4791,1377
4792,4267
4793,6633
4794,1527
4795,3686
4796,6023
4797,4355
4798,5388
4799,6566
4800,4451
4801,2494
4802,7075
4803,5111
4804,6037
4805,4650
4806,1387
4807,4089
4808,5678
4809,7977
4810,5332
4811,2320
4812,474
4813,1292
4814,2891
4815,3255
4816,8325
4817,5884
4818,2918
4819,883
4820,8409
4821,7746
4822,2553
4823,6049
4824,4396
4825,787
4826,2790
4827,7005
4828,7543
4829,4780
4830,1834
4831,928
4832,5393
4833,8662
4834,8692
4835,5789
4836,4129
4837,229
4838,3826
4839,5032
4840,3651
4841,5315
4842,3172
4843,6883
4844,3841
4845,4948
4846,1401
4847,8039
4848,6187
4849,2749
4850,864
4851,3651
4852,3082
4853,5950
4854,1103
4855,5420
4856,7782
4857,1746
4858,3279
4859,1673
4860,4911
4861,103
4862,8257
4863,8882
4864,6760
4865,2414
4866,4713
4867,5725
4868,5991
4869,2760
4870,2721
4871,6340
4872,3897
4873,2434
4874,3073
4875,8806
4876,8691
4877,3727
4878,3673
4879,6968
4880,348
4881,2009
4882,8145
4883,6296
4884,3558
4885,420
4886,2432
4887,1734
4888,2203
4889,4231
4890,2528
4891,1408
4892,3900
4893,8551
4894,595
4895,2864
4896,2772
4897,3082
4898,3943
4899,2596
4900,1211
4901,8053
4902,2764
4903,3585
4904,8262
4905,7715
4906,4887
4907,5885
4908,3572
4909,2834
4910,4791
4911,7032
4912,1220
4913,4203
4914,3380
4915,6926
4916,4730
4917,6782
4918,2287
4919,8180
4920,3472
4921,5048
4922,8300
4923,6796
4924,8209
4925,5114
4926,1517
4927,7982
4928,6849
4929,7079
4930,417
4931,3509
4932,744
4933,2218
4934,2449
4935,268
4936,2869
4937,4161
4938,2042
4939,5811
4940,4903
4941,8762
4942,5246
4943,8970
4944,3335
4945,8560
4946,981
4947,3488
4948,753
4949,7754
4950,6266
4951,1848
4952,7161
4953,3680
4954,6992
4955,2121
4956,1635
4957,2163
4958,6947
4959,8537
4960,4098
4961,8776
4962,3394
4963,773
4964,578
4965,489
4966,6834
4967,8943
4968,682
4969,1664
4970,8743
4971,3365
4972,8312
4973,8817
4974,2051
4975,1090
4976,2920
4977,3435
4978,7377
4979,147
4980,4360
4981,3570
4982,3059
4983,6272
4984,4859
4985,1796
4986,1975
4987,8092
4988,2381
4989,3461
4990,848
4991,6747
4992,6325
4993,3234
4994,4921
4995,3456
4996,1518
4997,63
4998,6676
4999,8024
5000,8560
5001,7973
5002,2913
5003,6902
5004,3917
5005,5876
5006,3242
5007,8652
5008,2853
5009,6592
5010,5603
5011,3531
5012,5050
5013,8443
5014,6511
5015,695
5016,6720
5017,71
5018,1821
5019,2017
5020,6876
5021,5702
5022,7977
5023,8146
5024,7845
5025,6752
5026,5663
5027,305
5028,3576
5029,5752
5030,4387
5031,5114
5032,4597
5033,7820
5034,2452
5035,7740
5036,4703
5037,7758
5038,8095
5039,8788
5040,737
5041,5012
5042,2143
5043,4083
5044,7492
5045,457
5046,7641
5047,3401
5048,2565
5049,8733
5050,7118
5051,4548
5052,3603
5053,480
5054,7242
5055,7769
5056,2006
5057,7366
5058,6394
5059,5462
5060,8315
5061,5640
5062,3707
5063,409
5064,5652
5065,3695
5066,6420
5067,4113
5068,692
5069,5661
5070,677
5071,3711
5072,1432
5073,130
5074,2617
5075,2880
5076,6673
5077,8616
5078,8719
5079,5594
5080,8143
5081,1427
5082,4351
5083,1560
5084,5623
5085,2096
5086,31
5087,5716
5088,1220
5089,8889
5090,5861
5091,1120
5092,1620
5093,3675
5094,8095
5095,2649
5096,4873
5097,7084
5098,182
5099,2977
5100,848
5101,5676
5102,169
5103,6032
5104,526
5105,5535
5106,4182
5107,1309
5108,1446
5109,6147
5110,2779
5111,6798
5112,5472
5113,1925
5114,1243
5115,5082
5116,7516
5117,1147
5118,8500
5119,8159
5120,7051
5121,2245
5122,4004
5123,46
5124,2118
5125,2796
5126,7188
5127,6007
5128,6304
5129,8751
5130,3885
5131,1217
5132,3934
5133,663
5134,2759
5135,2370
5136,6015
5137,6110
5138,6777
5139,3920
5140,7823
5141,2904
5142,1826
5143,1418
5144,8061
5145,7733
5146,2462
5147,3894
5148,6012
5149,2179
5150,124
5151,6367
5152,759
5153,6516
5154,1508
5155,5034
5156,566
5157,6353
5158,1086
5159,469
5160,8885
5161,7483
5162,3310
5163,5565
5164,5251
5165,505
5166,6771
5167,6963
5168,3408
5169,7267
5170,4030
5171,3203
5172,2663
5173,666
5174,7312
5175,7504
5176,4315
5177,4738
5178,4028
5179,8159
5180,3294
5181,5661
5182,2156
5183,2046
5184,5660
5185,8716
5186,4696
5187,4577
5188,4591
5189,4461
5190,5297
5191,4049
5192,188
5193,428
5194,1883
5195,7577
5196,1130
5197,4831
5198,1905
5199,6206
5200,2443
5201,5403
5202,8362
5203,8234
5204,4226
5205,3540
5206,6001
5207,5926
5208,8884
5209,845
5210,5378
5211,1210
5212,5140
5213,1492
5214,1512
5215,3314
5216,2127
5217,7137
5218,8764
5219,7366
5220,2454
5221,4595
5222,1400
5223,8302
5224,5953
5225,4351
5226,66
5227,8448
5228,2312
5229,2894
5230,5172
5231,6960
5232,1293
5233,793
5234,1744
5235,730
5236,5
5237,2972
5238,5000
5239,1687
5240,7550
5241,7204
5242,8355
5243,6010
5244,7579
5245,8998
5246,2804
5247,262
5248,2274
5249,6366
5250,2765
5251,1814
5252,7814
5253,7425
5254,7593
5255,8672
5256,7488
5257,887
5258,4830
5259,5759
5260,6968
5261,5896
5262,1129
5263,139
5264,8026
5265,1586
5266,5364
5267,7495
5268,7716
5269,6196
5270,50
5271,943
5272,8468
5273,3482
5274,3692
5275,4772
5276,1150
5277,4590
5278,7340
5279,5910
5280,7474
5281,5775
5282,8518
5283,3653
5284,4460
5285,8337
5286,2838
5287,35
5288,6445
5289,89
5290,5172
5291,3057
5292,6959
5293,4850
5294,5564
5295,13
5296,734
5297,361
5298,4538
5299,1269
5300,8442
5301,7545
5302,2571
5303,7987
5304,4945
5305,3180
5306,7
5307,5012
5308,8665
5309,7079
5310,4139
5311,7422
5312,7499
5313,3193
5314,2571
5315,8958
5316,5395
5317,1392
5318,5844
5319,3068
5320,6700
5321,952
5322,2590
5323,5203
5324,4553
5325,7992
5326,1185
5327,377
5328,3149
5329,2138
5330,3639
5331,6391
5332,2364
5333,6903
5334,8447
5335,5165
5336,2755
5337,7725
5338,8522
5339,1110
5340,1882
5341,367
5342,7918
5343,7579
5344,8066
5345,6879
5346,2848
5347,8790
5348,7648
5349,3674
5350,8702
5351,1277
5352,6497
5353,7768
5354,3899
5355,1073
5356,5209
5357,542
5358,1003
5359,5899
5360,4164
5361,5362
5362,2454
5363,1626
5364,7045
5365,123
5366,4906
5367,5715
5368,4508
5369,2882
5370,1472
5371,3437
5372,4666
5373,8496
5374,3217
5375,8271
5376,5785
5377,1798
5378,7642
5379,1369
5380,6383
5381,6883
5382,2354
5383,6804
5384,3513
5385,1702
5386,1236
5387,4559
5388,1235
5389,6800
5390,5423
5391,7343
5392,3429
5393,7332
5394,3027
5395,6097
5396,1474
5397,1774
5398,3855
5399,47
5400,1922
5401,5422
5402,6238
5403,8510
5404,6783
5405,5424
5406,3255
5407,5384
5408,6869
5409,1489
5410,8235
5411,218
5412,4267
5413,1751
5414,1770
5415,8828
5416,6478
5417,2061
5418,7582
5419,4040
5420,7212
5421,8938
5422,8673
5423,5497
5424,1973
5425,1261
5426,2523
5427,3681
5428,86
5429,3863
5430,7427
5431,375
5432,7200
5433,1221
5434,2174
5435,6004
5436,1173
5437,4689
5438,1158
5439,5104
5440,114
5441,5532
5442,7394
5443,5438
5444,7608
5445,7514
5446,2555
5447,449
5448,3077
5449,7625
5450,5366
5451,337
5452,8472
5453,1999
5454,3757
5455,4389
5456,6137
5457,2016
5458,2273
5459,3382
5460,5302
5461,6041
5462,3682
5463,8958
5464,6546
5465,7212
5466,270
5467,6740
5468,7087
5469,8688
5470,2568
5471,1325
5472,7005
5473,1316
5474,7200
5475,593
5476,5563
5477,560
5478,1857
5479,2527
5480,6938
5481,8079
5482,7215
5483,245
5484,5810
5485,1429
5486,4471
5487,6616
5488,8283
5489,5250
5490,2849
5491,7532
5492,4805
5493,1912
5494,3056
5495,1040
5496,5203
5497,1462
5498,8098
5499,2698
5500,6538
5501,8665
5502,394
5503,5179
5504,320
5505,4804
5506,8579
5507,7486
5508,7072
5509,5372
5510,7863
5511,5586
5512,1066
5513,4147
5514,6510
5515,609
5516,5014
5517,4695
5518,6106
5519,6548
5520,1481
5521,621
5522,2615
5523,5846
5524,872
5525,303
5526,2784
5527,4538
5528,2569
5529,1464
5530,4476
5531,2017
5532,5842
5533,7896
5534,1816
5535,196
5536,457
5537,7441
5538,3982
5539,3498
5540,4202
5541,4708
5542,2963
5543,4494
5544,607
5545,6776
5546,7782
5547,5809
5548,7345
5549,5480
5550,3979
5551,5247
5552,1141
5553,8944
5554,7712
5555,3305
5556,794
5557,5276
5558,6367
5559,6990
5560,591
5561,5789
5562,5898
5563,3958
5564,6770
5565,6649
5566,4845
5567,7309
5568,3194
5569,5461
5570,8773
5571,7457
5572,8054
5573,6770
5574,3503
5575,2040
5576,4118
5577,546
5578,6211
5579,4544
5580,8351
5581,5933
5582,4126
5583,8420
5584,5853
5585,5068
5586,8999
5587,6664
5588,1760
5589,3041
5590,7545
5591,5858
5592,4185
5593,2417
5594,8719
5595,4901
5596,614
5597,6632
5598,7559
5599,291
5600,993
5601,6807
5602,6357
5603,3182
5604,2071
5605,452
5606,5960
5607,5747
5608,6460
5609,7902
5610,7265
5611,1739
5612,1339
5613,8946
5614,3935
5615,4271
5616,2763
5617,5511
5618,6416
5619,6128
5620,2478
5621,5028
5622,5482
5623,969
5624,8883
5625,1377
5626,5648
5627,4673
5628,8987
5629,6864
5630,6584
5631,5161
5632,7272
5633,5569
5634,2945
5635,342
5636,729
5637,3500
5638,3777
5639,6827
5640,6075
5641,8015
5642,196
5643,2334
5644,5074
5645,7956
5646,5186
5647,3805
5648,2693
5649,6357
5650,1375
5651,2485
5652,1847
5653,447
5654,6702
5655,3775
5656,4849
5657,7000
5658,7703
5659,5791
5660,4052
5661,2095
5662,1261
5663,4499
5664,8517
5665,5503
5666,5605
5667,6556
5668,3410
5669,879
5670,6024
5671,1076
5672,1889
5673,937
5674,5569
5675,6252
5676,831
5677,5493
5678,4434
5679,8072
5680,8613
5681,5953
5682,6921
5683,1882
5684,7431
5685,1007
5686,8992
5687,2000
5688,3591
5689,195
5690,1770
5691,1379
5692,3086
5693,6527
5694,297
5695,2965
5696,3530
5697,3669
5698,6173
5699,2350
5700,2811
5701,3057
5702,7071
5703,906
5704,5248
5705,3161
5706,6755
5707,4498
5708,5383
5709,8593
5710,5212
5711,7710
5712,1153
5713,3887
5714,2089
5715,5756
5716,275
5717,7296
5718,2245
5719,3560
5720,3225
5721,93
5722,437
5723,6297
5724,5413
5725,2262
5726,6562
5727,7835
5728,4405
5729,5137
5730,8630
5731,4701
5732,7147
5733,5062
5734,2035
5735,377
5736,4950
5737,7930
5738,2055
5739,1244
5740,4637
5741,2678
5742,4404
5743,7882
5744,7820
5745,2700
5746,2516
5747,3879
5748,7983
5749,6438
5750,1025
5751,6764
5752,7139
5753,3898
5754,7314
5755,6540
5756,5724
5757,4638
5758,3314
5759,7689
5760,3937
5761,980
5762,8339
5763,2152
5764,932
5765,7778
5766,352
5767,1254
5768,6069
5769,1369
5770,2728
5771,2637
5772,6798
5773,8695
5774,7845
5775,808
5776,1841
5777,5987
5778,6412
5779,6503
5780,4974
5781,2069
5782,5128
5783,6374
5784,6617
5785,1871
5786,6887
5787,552
5788,7536
5789,7828
5790,4870
5791,8004
5792,6921
5793,124
5794,4160
5795,6041
5796,2146
5797,7233
5798,6241
5799,4764
5800,7059
5801,3193
5802,5522
5803,2490
5804,5405
5805,7552
5806,8453
5807,1812
5808,1726
5809,1777
5810,2271
5811,4439
5812,2004
5813,5160
5814,1405
5815,5884
5816,4695
5817,4456
5818,2711
5819,2219
5820,7156
5821,2852
5822,706
5823,822
5824,5675
5825,1180
5826,3722
5827,1877
5828,6106
5829,7478
5830,2588
5831,8790
5832,354
5833,8646
5834,6945
5835,1911
5836,3671
5837,4996
5838,5222
5839,3322
5840,3606
5841,1
5842,4400
5843,7419
5844,3087
5845,7941
5846,8990
5847,7425
5848,8201
5849,1599
5850,2327
5851,7119
5852,7956
5853,7138
5854,7402
5855,5109
5856,898
5857,649
5858,156
5859,4672
5860,831
5861,8351
5862,8131
5863,8362
5864,8656
5865,21
5866,8977
5867,7295
5868,6400
5869,4025
5870,3813
5871,1374
5872,484
5873,4407
5874,892
5875,857
5876,8744
5877,1775
5878,6429
5879,5241
5880,3859
5881,8866
5882,6577
5883,2536
5884,398
5885,802
5886,8729
5887,2532
5888,3818
5889,5190
5890,1810
5891,5941
5892,5702
5893,7822
5894,1483
5895,2628
5896,6016
5897,7105
5898,7751
5899,4023
5900,1723
5901,6017
5902,838
5903,957
5904,510
5905,3640
5906,4606
5907,6827
5908,3134
5909,377
5910,8630
5911,1264
5912,7929
5913,741
5914,3347
5915,7419
5916,411
5917,2064
5918,4652
5919,39
5920,3215
5921,6127
5922,8016
5923,1361
5924,8499
5925,5697
5926,1568
5927,4606
5928,7485
5929,8511
5930,150
5931,6459
5932,6788
5933,8881
5934,1604
5935,1746
5936,7727
5937,3167
5938,3346
5939,2045
5940,7090
5941,6400
5942,8255
5943,3083
5944,8320
5945,6963
5946,2240
5947,1516
5948,5890
5949,6496
5950,7751
5951,2163
5952,4780
5953,8321
5954,3427
5955,3807
5956,5673
5957,4434
5958,5365
5959,4469
5960,2797
5961,4226
5962,6731
5963,4766
5964,3192
5965,5869
5966,8861
5967,5553
5968,6091
5969,7544
5970,4052
5971,3589
5972,6507
5973,7705
5974,2322
5975,7476
5976,7234
5977,1280
5978,7493
5979,6223
5980,5716
5981,2405
5982,7206
5983,1058
5984,8359
5985,8047
5986,3222
5987,3108
5988,3468
5989,726
5990,6895
5991,3910
5992,4083
5993,5807
5994,6672
5995,5509
5996,2547
5997,2570
5998,7419
5999,7350
6000,1798
6001,1712
6002,537
6003,4733
6004,4874
6005,2238
6006,2917
6007,8697
6008,7124
6009,5657
6010,6421
6011,4311
6012,3776
6013,5701
6014,4628
6015,4922
6016,6171
6017,5638
6018,5717
6019,5940
6020,1049
6021,5442
6022,1098
6023,5092
6024,627
6025,2977
6026,3939
6027,1884
6028,8144
6029,6513
6030,1819
6031,8005
6032,1100
6033,4923
6034,827
6035,4945
6036,1454
6037,7068
6038,1810
6039,3445
6040,8755
6041,7009
6042,4100
6043,1849
6044,7096
6045,7834
6046,7382
6047,2606
6048,2028
6049,6849
6050,2716
6051,7619
6052,4868
6053,8784
6054,2250
6055,3971
6056,3824
6057,5092
6058,2823
6059,5438
6060,7219
6061,3201
6062,648
6063,6354
6064,4081
6065,5107
6066,2409
6067,1166
6068,4665
6069,207
6070,1773
6071,460
6072,753
6073,4156
6074,7934
6075,3633
6076,2504
6077,3578
6078,7992
6079,1554
6080,8662
6081,7637
6082,7392
6083,7500
6084,8648
6085,6117
6086,5443
6087,3863
6088,8712
6089,7141
6090,7753
6091,5848
6092,1738
6093,2149
6094,5200
6095,6634
6096,5401
6097,1879
6098,2180
6099,1256
6100,7103
6101,4347
6102,1276
6103,866
6104,6275
6105,3375
6106,752
6107,4826
6108,2237
6109,2287
6110,982
6111,8826
6112,8861
6113,5236
6114,7020
6115,1275
6116,370
6117,1836
6118,7080
6119,8492
6120,8646
6121,4663
6122,1836
6123,3813
6124,8350
6125,7409
6126,7245
6127,5783
6128,5168
6129,5672
6130,6202
6131,2955
6132,541
6133,4388
6134,6697
6135,6443
6136,2566
6137,2797
6138,6197
6139,393
6140,1818
6141,3590
6142,8564
6143,202
6144,2717
6145,2725
6146,2597
6147,2062
6148,7389
6149,7187
6150,5495
6151,6695
6152,1718
6153,966
6154,5796
6155,3787
6156,1061
6157,4648
6158,5444
6159,8279
6160,8778
6161,3116
6162,46
6163,2954
6164,7622
6165,5821
6166,2689
6167,8692
6168,7220
6169,8539
6170,241
6171,7569
6172,556
6173,8971
6174,6645
6175,8134
6176,2274
6177,697
6178,7197
6179,1847
6180,742
6181,253
6182,2337
6183,1194
6184,564
6185,6095
6186,2869
6187,1988
6188,6771
6189,1872
6190,1225
6191,7077
6192,6715
6193,3487
6194,6268
6195,4834
6196,4767
6197,1020
6198,5112
6199,7416
6200,8755
6201,2084
6202,6048
6203,3424
6204,6295
6205,6258
6206,6855
6207,8259
6208,1640
6209,8375
6210,7330
6211,5139
6212,4880
6213,8005
6214,1573
6215,443
6216,5852
6217,5317
6218,4444
6219,436
6220,580
6221,6771
6222,7479
6223,5845
6224,8951
6225,6907
6226,7209
6227,3111
6228,8420
6229,4915
6230,8594
6231,5874
6232,7765
6233,8749
6234,551
6235,4623
6236,6966
6237,6935
6238,771
6239,7868
6240,7260
6241,528
6242,7976
6243,1397
6244,5704
6245,1769
6246,4470
6247,6365
6248,5922
6249,7789
6250,1788
6251,5680
6252,3210
6253,6351
6254,4956
6255,4140
6256,5322
6257,175
6258,3615
6259,2684
6260,96
6261,4936
6262,242
6263,7384
6264,1912
6265,8345
6266,137
6267,6181
6268,5805
6269,2894
6270,1416
6271,8644
6272,1832
6273,7130
6274,6729
6275,130
6276,5265
6277,2091
6278,2727
6279,4332
6280,5754
6281,3850
6282,6633
6283,6948
6284,5196
6285,7070
6286,946
6287,4276
6288,1672
6289,5620
6290,5
6291,6974
6292,8424
6293,445
6294,2461
6295,4373
6296,1566
6297,7276
6298,8347
6299,5756
6300,6962
6301,1954
6302,1465
6303,6193
6304,153
6305,8528
6306,1355
6307,7942
6308,7120
6309,8144
6310,5197
6311,6748
6312,32
6313,4609
6314,5903
6315,1476
6316,2644
6317,7389
6318,2838
6319,8667
6320,6326
6321,1416
6322,5140
6323,1232
6324,2447
6325,8327
6326,4031
6327,1182
6328,2509
6329,7891
6330,271
6331,3937
6332,5470
6333,1881
6334,7017
6335,7295
6336,2603
6337,4639
6338,3721
6339,6316
6340,1168
6341,4717
6342,260
6343,3585
6344,8352
6345,4989
6346,4243
6347,1371
6348,2710
6349,2224
6350,3443
6351,6572
6352,6566
6353,3455
6354,10
6355,5656
6356,161
6357,3483
6358,8180
6359,7077
6360,935
6361,5857
6362,8779
6363,79
6364,3327
6365,5573
6366,2925
6367,1360
6368,3498
6369,2962
6370,3495
6371,6353
6372,6214
6373,2844
6374,2624
6375,6216
6376,5303
6377,4714
6378,1336
6379,2414
6380,2487
6381,3467
6382,4007
6383,3722
6384,4501
6385,4372
6386,6698
6387,7727
6388,1556
6389,8651
6390,8624
6391,2664
6392,3642
6393,203
6394,1274
6395,124
6396,6113
6397,2292
6398,6897
6399,4153
6400,8259
6401,6430
6402,3890
6403,7873
6404,7182
6405,6626
6406,2948
6407,8267
6408,1095
6409,925
6410,5674
6411,3224
6412,7466
6413,5586
6414,3988
6415,8532
6416,6936
6417,2147
6418,1920
6419,2492
6420,809
6421,3724
6422,4766
6423,6746
6424,7449
6425,7564
6426,1745
6427,1969
6428,8639
6429,112
6430,6457
6431,8599
6432,2752
6433,7966
6434,4501
6435,3191
6436,347
6437,979
6438,2429
6439,3240
6440,6997
6441,617
6442,3230
6443,1718
6444,124
6445,2233
6446,6303
6447,2947
6448,6329
6449,3905
6450,4513
6451,6281
6452,4071
6453,2921
6454,995
6455,638
6456,3984
6457,5968
6458,4402
6459,2885
6460,4574
6461,2174
6462,6400
6463,5189
6464,7142
6465,1822
6466,3788
6467,7560
6468,6281
6469,4795
6470,5799
6471,8090
6472,5221
6473,2067
6474,2815
6475,6452
6476,8449
6477,1931
6478,8380
6479,4356
6480,5245
6481,1233
6482,1767
6483,7907
6484,8855
6485,2288
6486,5435
6487,5346
6488,4002
6489,6716
6490,6627
6491,3010
6492,1497
6493,6642
6494,5147
6495,551
6496,3562
6497,6387
6498,3187
6499,8264
6500,8701
6501,2109
6502,2918
6503,3277
6504,539
6505,8782
6506,5641
6507,1973
6508,3868
6509,3182
6510,8687
6511,1492
6512,1169
6513,8591
6514,2072
6515,5013
6516,4376
6517,6092
6518,4314
6519,6130
6520,1293
6521,739
6522,8192
6523,6005
6524,1693
6525,216
6526,7478
6527,6617
6528,1246
6529,5824
6530,7031
6531,7098
6532,8731
6533,8031
6534,7798
6535,2134
6536,8060
6537,6622
6538,8680
6539,7934
6540,1825
6541,1476
6542,7539
6543,2565
6544,2639
6545,1224
6546,512
6547,8596
6548,2324
6549,4561
6550,1435
6551,824
6552,2188
6553,5522
6554,1675
6555,3089
6556,557
6557,6060
6558,2701
6559,5175
6560,5648
6561,5370
6562,6635
6563,8507
6564,4534
6565,8955
6566,4682
6567,6527
6568,5210
6569,4672
6570,3169
6571,4859
6572,3422
6573,8659
6574,85
6575,5573
6576,5757
6577,2471
6578,361
6579,868
6580,6511
6581,8282
6582,451
6583,4074
6584,4715
6585,6092
6586,1698
6587,5579
6588,4206
6589,6690
6590,7260
6591,38
6592,1674
6593,3868
6594,2547
6595,6327
6596,1139
6597,1559
6598,7671
6599,774
6600,1994
6601,6463
6602,4263
6603,5560
6604,2036
6605,7861
6606,2753
6607,367
6608,8357
6609,1753
6610,4193
6611,1569
6612,7150
6613,2700
6614,8294
6615,610
6616,1526
6617,5573
6618,5512
6619,6815
6620,2236
6621,8646
6622,238
6623,7520
6624,7666
6625,2666
6626,5132
6627,1961
6628,8093
6629,6133
6630,5177
6631,734
6632,3457
6633,7360
6634,8078
6635,616
6636,8905
6637,1767
6638,3043
6639,1415
6640,5205
6641,3417
6642,1580
6643,286
6644,4524
6645,2164
6646,464
6647,1630
6648,5001
6649,5810
6650,354
6651,5824
6652,4146
6653,1700
6654,3784
6655,1131
6656,6370
6657,5345
6658,2385
6659,1574
6660,5369
6661,6626
6662,2036
6663,2986
6664,6769
6665,4886
6666,3699
6667,8207
6668,6569
6669,4933
6670,4726
6671,2754
6672,3375
6673,1572
6674,3700
6675,5152
6676,3286
6677,7124
6678,7533
6679,977
6680,7719
6681,5958
6682,1154
6683,4843
6684,2860
6685,6903
6686,5598
6687,4754
6688,3856
6689,8804
6690,8254
6691,3417
6692,2986
6693,2691
6694,1507
6695,6120
6696,3824
6697,8213
6698,457
6699,2251
6700,6495
6701,4491
6702,632
6703,4386
6704,5969
6705,5820
6706,959
6707,4138
6708,7568
6709,8481
6710,6280
6711,3183
6712,6926
6713,5278
6714,550
6715,1868
6716,4559
6717,653
6718,6228
6719,6617
6720,870
6721,2648
6722,2487
6723,2824
6724,5885
6725,2194
6726,5523
6727,8340
6728,2040
6729,8706
6730,588
6731,998
6732,7056
6733,3613
6734,5355
6735,6397
6736,5941
6737,1464
6738,1392
6739,7265
6740,4717
6741,7839
6742,8270
6743,1613
6744,3009
6745,3229
6746,5882
6747,4710
6748,959
6749,3296
6750,3725
6751,1644
6752,6378
6753,5464
6754,4985
6755,7981
6756,7925
6757,2908
6758,2472
6759,3072
6760,5143
6761,2568
6762,4104
6763,7476
6764,8031
6765,5839
6766,8683
6767,5174
6768,5969
6769,7193
6770,3195
6771,8281
6772,665
6773,6554
6774,8651
6775,6237
6776,2156
6777,79
6778,4912
6779,3030
6780,495
6781,869
6782,1982
6783,6536
6784,5911
6785,2992
6786,5679
6787,6668
6788,8135
6789,7845
6790,8694
6791,122
6792,3151
6793,8436
6794,338
6795,803
6796,3281
6797,7501
6798,2710
6799,1273
6800,1856
6801,8478
6802,4637
6803,789
6804,6865
6805,1694
6806,7987
6807,8797
6808,8900
6809,8041
6810,3190
6811,1040
6812,3531
6813,3321
6814,7795
6815,8935
6816,136
6817,3117
6818,4565
6819,2538
6820,6326
6821,2768
6822,641
6823,892
6824,1230
6825,5241
6826,1221
6827,2741
6828,2426
6829,379
6830,3766
6831,930
6832,1493
6833,2216
6834,3145
6835,5962
6836,2097
6837,7975
6838,4425
6839,2887
6840,5371
6841,2566
6842,5999
6843,3959
6844,6841
6845,5750
6846,6592
6847,1031
6848,5131
6849,4930
6850,968
6851,1299
6852,1367
6853,6003
6854,1860
6855,8676
6856,4806
6857,1612
6858,5661
6859,2966
6860,5805
6861,2564
6862,881
6863,4325
6864,1014
6865,4957
6866,6371
6867,6476
6868,2548
6869,1888
6870,138
6871,1265
6872,1446
6873,7003
6874,5784
6875,4256
6876,4514
6877,5657
6878,1017
6879,7595
6880,2699
6881,5748
6882,4547
6883,3443
6884,7469
6885,5233
6886,8756
6887,957
6888,8605
6889,3839
6890,7767
6891,1396
6892,8446
6893,6910
6894,7057
6895,6030
6896,1790
6897,864
6898,136
6899,4254
6900,7231
6901,8287
6902,4562
6903,8542
6904,4361
6905,8339
6906,7867
6907,3159
6908,1724
6909,2093
6910,2769
6911,4695
6912,6972
6913,7942
6914,4002
6915,4581
6916,2189
6917,5781
6918,5005
6919,6131
6920,2838
6921,8441
6922,4982
6923,5049
6924,8146
6925,4275
6926,5834
6927,3914
6928,5273
6929,2006
6930,5106
6931,2437
6932,853
6933,102
6934,3741
6935,2747
6936,5752
6937,7379
6938,4998
6939,207
6940,579
6941,8472
6942,6285
6943,2255
6944,3242
6945,2852
6946,3057
6947,2862
6948,979
6949,1885
6950,6395
6951,891
6952,8717
6953,1283
6954,5086
6955,4849
6956,1244
6957,2176
6958,4378
6959,5396
6960,4739
6961,3394
6962,2487
6963,7933
6964,1435
6965,2451
6966,6935
6967,1978
6968,4631
6969,581
6970,1836
6971,6413
6972,1994
6973,4389
6974,6745
6975,4583
6976,4664
6977,4291
6978,6197
6979,3921
6980,5210
6981,1203
6982,2138
6983,4671
6984,8829
6985,8307
6986,275
6987,4906
6988,3178
6989,7065
6990,6731
6991,5120
6992,7815
6993,7993
6994,5611
6995,2121
6996,7620
6997,6184
6998,4275
6999,8113
7000,1731
7001,5816
7002,2026
7003,6405
7004,4014
7005,6992
7006,2569
7007,6100
7008,5532
7009,1926
7010,6033
7011,3283
7012,5806
7013,1972
7014,6549
7015,1117
7016,1076
7017,6701
7018,3626
7019,1558
7020,3781
7021,418
7022,8898
7023,7074
7024,6675
7025,6830
7026,536
7027,4678
7028,4493
7029,7458
7030,630
7031,2770
7032,7022
7033,8125
7034,7635
7035,5602
7036,6091
7037,1420
7038,4112
7039,3736
7040,1081
7041,274
7042,369
7043,168
7044,3828
7045,4340
7046,2441
7047,1552
7048,5173
7049,2540
7050,246
7051,2721
7052,835
7053,3399
7054,4611
7055,1198
7056,2842
7057,8429
7058,3444
7059,2848
7060,7793
7061,2341
7062,8684
7063,2979
7064,1125
7065,227
7066,4459
7067,4121
7068,3459
7069,7735
7070,5684
7071,6425
7072,2867
7073,866
7074,306
7075,8340
7076,888
7077,3991
7078,698
7079,7988
7080,1068
7081,8068
7082,8443
7083,7056
7084,1712
7085,3500
7086,4458
7087,7736
7088,7184
7089,3235
7090,794
7091,8242
7092,8877
7093,7917
7094,7057
7095,1287
7096,6781
7097,6555
7098,8934
7099,1726
7100,7589
7101,27
7102,6111
7103,370
7104,6310
7105,8603
7106,7687
7107,2010
7108,5997
7109,361
7110,3747
7111,621
7112,2573
7113,6498
7114,525
7115,8615
7116,39
7117,6293
7118,4290
7119,6709
7120,6113
7121,6467
7122,1519
7123,6089
7124,5725
7125,7710
7126,6401
7127,7386
7128,5152
7129,4043
7130,7745
7131,5212
7132,5907
7133,7557
7134,1093
7135,6703
7136,5174
7137,7759
7138,4772
7139,3838
7140,4304
7141,2494
7142,6330
7143,8567
7144,8907
7145,3337
7146,3505
7147,4722
7148,1989
7149,6342
7150,4569
7151,8735
7152,8857
7153,6322
7154,4798
7155,8713
7156,5100
7157,5140
7158,2183
7159,7537
7160,4011
7161,6446
7162,2967
7163,7008
7164,9
7165,3481
7166,5588
7167,1220
7168,31
7169,8237
7170,4829
7171,5286
7172,2076
7173,6082
7174,8161
7175,3382
7176,7812
7177,109
7178,4898
7179,6036
7180,3229
7181,8562
7182,1761
7183,1964
7184,1108
7185,6491
7186,5755
7187,3589
7188,110
7189,8186
7190,3688
7191,6982
7192,5291
7193,8865
7194,7092
7195,4333
7196,8556
7197,6307
7198,6678
7199,5910
7200,8661
7201,7462
7202,8543
7203,5764
7204,8702
7205,6792
7206,7781
7207,7639
7208,5867
7209,4843
7210,5613
7211,5386
7212,7036
7213,6871
7214,2086
7215,127
7216,4094
7217,3138
7218,5682
7219,4562
7220,456
7221,5606
7222,3168
7223,6039
7224,3274
7225,8999
7226,644
7227,5448
7228,1480
7229,8127
7230,7353
7231,5503
7232,4268
7233,4537
7234,8117
7235,4325
7236,2289
7237,2246
7238,4058
7239,4581
7240,7140
7241,1487
7242,2860
7243,5951
7244,2053
7245,6927
7246,4670
7247,3220
7248,8804
7249,3788
7250,1407
7251,819
7252,8950
7253,8299
7254,1619
7255,415
7256,7102
7257,8245
7258,5916
7259,237
7260,6400
7261,5449
7262,5543
7263,8821
7264,2265
7265,7327
7266,6235
7267,1076
7268,5394
7269,110
7270,579
7271,4611
7272,523
7273,1611
7274,525
7275,809
7276,2413
7277,8280
7278,683
7279,3200
7280,3448
7281,5020
7282,7263
7283,7438
7284,1499
7285,6524
7286,1724
7287,7850
7288,2857
7289,6398
7290,7351
7291,2048
7292,776
7293,285
7294,7420
7295,4491
7296,6590
7297,1270
7298,2789
7299,8318
7300,2996
7301,7958
7302,6589
7303,4440
7304,1268
7305,2638
7306,371
7307,4417
7308,2487
7309,3084
7310,4898
7311,6597
7312,7895
7313,3079
7314,5365
7315,2572
7316,5827
7317,3918
7318,2352
7319,6748
7320,7193
7321,566
7322,8162
7323,8868
7324,8549
7325,5895
7326,1366
7327,8517
7328,7712
7329,5897
7330,5464
7331,3647
7332,1844
7333,8592
7334,8517
7335,6701
7336,99
7337,1345
7338,6411
7339,1582
7340,2464
7341,2504
7342,4231
7343,3673
7344,6005
7345,5640
7346,8438
7347,6980
7348,1011
7349,1766
7350,2571
7351,2257
7352,3905
7353,7322
7354,6127
7355,1886
7356,1051
7357,7954
7358,8543
7359,5703
7360,4275
7361,941
7362,5959
7363,6594
7364,3509
7365,5025
7366,8452
7367,8479
7368,5173
7369,202
7370,1648
7371,3946
7372,8403
7373,4520
7374,102
7375,5855
7376,3510
7377,8195
7378,2244
7379,3592
7380,991
7381,2366
7382,6697
7383,1677
7384,8564
7385,7541
7386,8220
7387,4721
7388,6645
7389,8748
7390,3092
7391,5149
7392,8147
7393,2109
7394,5494
7395,6180
7396,2348
7397,1685
7398,1465
7399,7955
7400,3780
7401,1741
7402,4150
7403,1722
7404,8861
7405,7952
7406,5914
7407,50
7408,743
7409,8133
7410,6381
7411,6845
7412,2306
7413,7659
7414,2325
7415,5629
7416,4456
7417,7131
7418,1988
7419,1114
7420,8752
7421,6655
7422,6873
7423,5492
7424,1101
7425,4326
7426,122
7427,1409
7428,7821
7429,3920
7430,5567
7431,1115
7432,8973
7433,3692
7434,4977
7435,193
7436,6994
7437,172
7438,1225
7439,6729
7440,3554
7441,6193
7442,7805
7443,639
7444,4105
7445,945
7446,5045
7447,5420
7448,751
7449,321
7450,3892
7451,637
7452,8655
7453,4665
7454,8290
7455,5919
7456,8315
7457,5811
7458,1558
7459,7564
7460,3291
7461,1382
7462,865
7463,5077
7464,7396
7465,5469
7466,6605
7467,1748
7468,7541
7469,5864
7470,3029
7471,1405
7472,4140
7473,5380
7474,5830
7475,3289
7476,375
7477,100
7478,4131
7479,6230
7480,6455
7481,1203
7482,7750
7483,3622
7484,3231
7485,7660
7486,1666
7487,3169
7488,3330
7489,216
7490,878
7491,7098
7492,666
7493,5707
7494,5020
7495,5820
7496,6853
7497,1108
7498,4095
7499,6503
7500,8978
7501,4119
7502,5867
7503,2883
7504,3242
7505,969
7506,278
7507,2703
7508,5801
7509,2815
7510,868
7511,8863
7512,3235
7513,4820
7514,6960
7515,816
7516,1459
7517,6365
7518,534
7519,5720
7520,767
7521,3546
7522,3735
7523,783
7524,7703
7525,5371
7526,179
7527,8756
7528,6805
7529,7908
7530,1106
7531,2398
7532,3494
7533,2399
7534,7270
7535,7440
7536,5414
7537,6605
7538,8512
7539,6367
7540,898
7541,1760
7542,1315
7543,5651
7544,3967
7545,8584
7546,3654
7547,5144
7548,7728
7549,8840
7550,1530
7551,6416
7552,5380
7553,5188
7554,3675
7555,5046
7556,7486
7557,2362
7558,6276
7559,8433
7560,3470
7561,4241
7562,419
7563,7772
7564,2261
7565,2658
7566,5268
7567,1886
7568,6974
7569,2674
7570,3905
7571,1787
7572,3959
7573,2410
7574,2182
7575,4814
7576,8519
7577,7699
7578,6386
7579,137
7580,1585
7581,7281
7582,4778
7583,5651
7584,3815
7585,6139
7586,5800
7587,276
7588,3050
7589,3099
7590,5801
7591,5480
7592,8397
7593,8944
7594,189
7595,3878
7596,6050
7597,8398
7598,4471
7599,4155
7600,3604
7601,5479
7602,7083
7603,4752
7604,1387
7605,4376
7606,8959
7607,2805
7608,1302
7609,2210
7610,8418
7611,400
7612,1267
7613,4540
7614,250
7615,6230
7616,1170
7617,2522
7618,3354
7619,4253
7620,3776
7621,3284
7622,2240
7623,5147
7624,4751
7625,4228
7626,3356
7627,3519
7628,1146
7629,2229
7630,4796
7631,114
7632,5989
7633,6269
7634,140
7635,49
7636,4843
7637,1832
7638,4811
7639,4682
7640,658
7641,3465
7642,7465
7643,2817
7644,6154
7645,3484
7646,5317
7647,3718
7648,1267
7649,7061
7650,5171
7651,5492
7652,2795
7653,7455
7654,5682
7655,6984
7656,3358
7657,4938
7658,2604
7659,2220
7660,6488
7661,1420
7662,3542
7663,7439
7664,2574
7665,6195
7666,6847
7667,7051
7668,4371
7669,3540
7670,966
7671,3067
7672,1766
7673,1387
7674,4452
7675,8495
7676,6057
7677,1543
7678,8448
7679,6166
7680,2076
7681,5793
7682,4953
7683,1590
7684,4704
7685,1201
7686,3342
7687,3106
7688,4719
7689,7325
7690,6009
7691,6225
7692,6872
7693,1903
7694,5515
7695,5015
7696,1826
7697,4762
7698,5369
7699,4410
7700,1742
7701,6337
7702,7675
7703,3011
7704,4222
7705,5276
7706,5085
7707,2679
7708,5492
7709,3160
7710,6983
7711,8578
7712,7907
7713,5137
7714,5631
7715,3367
7716,7234
7717,4654
7718,4415
7719,2541
7720,7295
7721,2650
7722,4888
7723,8137
7724,384
7725,3442
7726,7853
7727,6852
7728,4684
7729,4800
7730,5925
7731,802
7732,3840
7733,4107
7734,2512
7735,7558
7736,1958
7737,1473
7738,7322
7739,2765
7740,6264
7741,1418
7742,5054
7743,3102
7744,2754
7745,2562
7746,8842
7747,8490
7748,3046
7749,6634
7750,4728
7751,2749
7752,4880
7753,523
7754,852
7755,225
7756,1769
7757,6897
7758,849
7759,7892
7760,5682
7761,4288
7762,1175
7763,766
7764,4686
7765,3670
7766,3991
7767,6873
7768,2234
7769,973
7770,5415
7771,7100
7772,6609
7773,5114
7774,232
7775,6422
7776,7647
7777,2087
7778,2860
7779,4940
7780,6423
7781,8153
7782,6686
7783,8935
7784,2728
7785,1671
7786,4194
7787,4717
7788,3866
7789,7424
7790,5939
7791,1802
7792,2614
7793,5743
7794,7979
7795,8610
7796,7428
7797,462
7798,8589
7799,6406
7800,8046
7801,3892
7802,3142
7803,7649
7804,4186
7805,3773
7806,730
7807,62
7808,1213
7809,1548
7810,5107
7811,4320
7812,5330
7813,2143
7814,7165
7815,2645
7816,2105
7817,5319
7818,1477
7819,6224
7820,853
7821,531
7822,6863
7823,6178
7824,6814
7825,824
7826,4638
7827,7876
7828,565
7829,7719
7830,270
7831,3579
7832,2070
7833,955
7834,2333
7835,3512
7836,6631
7837,8261
7838,3272
7839,4891
7840,2591
7841,1406
7842,5171
7843,8123
7844,4538
7845,5896
7846,5240
7847,4221
7848,1489
7849,6233
7850,6681
7851,7047
7852,7670
7853,4717
7854,56
7855,5688
7856,2157
7857,2680
7858,6619
7859,4270
7860,5382
7861,4157
7862,6573
7863,3499
7864,1486
7865,5645
7866,3215
7867,1532
7868,6253
7869,255
7870,4166
7871,2351
7872,8571
7873,144
7874,6342
7875,7545
7876,2596
7877,5912
7878,7517
7879,6714
7880,3251
7881,449
7882,5330
7883,1014
7884,4154
7885,2212
7886,1211
7887,3208
7888,4727
7889,34
7890,5486
7891,8700
7892,1370
7893,2915
7894,2751
7895,5954
7896,3170
7897,31
7898,8649
7899,7706
7900,6752
7901,5471
7902,160
7903,2080
7904,2012
7905,8031
7906,2618
7907,4142
7908,2683
7909,4162
7910,7750
7911,7880
7912,8386
7913,8170
7914,7580
7915,7736
7916,6628
7917,570
7918,3772
7919,14
7920,5567
7921,7194
7922,7651
7923,3836
7924,2805
7925,7239
7926,2760
7927,2332
7928,823
7929,5492
7930,8949
7931,8326
7932,323
7933,3745
7934,1329
7935,4953
7936,846
7937,358
7938,7618
7939,5797
7940,2308
7941,7468
7942,1664
7943,5771
7944,4572
7945,3720
7946,5940
7947,4218
7948,6497
7949,4981
7950,6895
7951,1911
7952,6683
7953,8269
7954,4103
7955,1112
7956,6429
7957,6419
7958,6228
7959,1517
7960,8407
7961,6232
7962,3945
7963,7571
7964,491
7965,4177
7966,3566
7967,2926
7968,6828
7969,1801
7970,3619
7971,123
7972,7371
7973,4992
7974,4654
7975,3455
7976,3132
7977,6136
7978,7005
7979,4768
7980,1901
7981,2359
7982,3288
7983,2062
7984,1534
7985,6838
7986,1309
7987,8212
7988,811
7989,2477
7990,3647
7991,7473
7992,4639
7993,8288
7994,1920
7995,3486
7996,8915
7997,6882
7998,6987
7999,7196
8000,8644
8001,7557
8002,5503
8003,7987
8004,2291
8005,4796
8006,8854
8007,1689
8008,3165
8009,5333
8010,1180
8011,8077
8012,7003
8013,3853
8014,8978
8015,2463
8016,6428
8017,537
8018,6913
8019,4406
8020,3534
8021,8807
8022,4300
8023,4637
8024,6083
8025,3728
8026,6031
8027,1867
8028,1928
8029,642
8030,3996
8031,8853
8032,6521
8033,4893
8034,8828
8035,5954
8036,3800
8037,3450
8038,2914
8039,2828
8040,885
8041,8155
8042,8539
8043,4734
8044,1879
8045,4915
8046,554
8047,5766
8048,8353
8049,1267
8050,3032
8051,2648
8052,3344
8053,1214
8054,4880
8055,4052
8056,1480
8057,6290
8058,4073
8059,8773
8060,5621
8061,5972
8062,28
8063,2271
8064,7015
8065,3534
8066,4101
8067,5612
8068,7279
8069,5175
8070,1559
8071,1115
8072,7095
8073,6295
8074,2312
8075,1718
8076,1390
8077,4301
8078,1276
8079,743
8080,1817
8081,7328
8082,1917
8083,1486
8084,2645
8085,6614
8086,8375
8087,4129
8088,1960
8089,6516
8090,7666
8091,8545
8092,4327
8093,1091
8094,2377
8095,1869
8096,8082
8097,1811
8098,5935
8099,1813
8100,4572
8101,2631
8102,3913
8103,1676
8104,1895
8105,1612
8106,3278
8107,8331
8108,5356
8109,7879
8110,4772
8111,158
8112,368
8113,2107
8114,8756
8115,2550
8116,3098
8117,7011
8118,589
8119,7930
8120,2272
8121,426
8122,5846
8123,2498
8124,6466
8125,4500
8126,3565
8127,3018
8128,4078
8129,833
8130,2301
8131,8448
8132,8162
8133,878
8134,1836
8135,994
8136,1825
8137,5751
8138,7842
8139,5231
8140,8956
8141,6125
8142,4197
8143,4520
8144,2122
8145,8992
8146,3842
8147,7314
8148,1546
8149,3905
8150,750
8151,587
8152,7597
8153,7575
8154,3018
8155,2942
8156,5193
8157,212
8158,7453
8159,5685
8160,8047
8161,3642
8162,3363
8163,5490
8164,5494
8165,4048
8166,8091
8167,8282
8168,7569
8169,6619
8170,8135
8171,8302
8172,4547
8173,2611
8174,332
8175,239
8176,379
8177,5019
8178,3929
8179,5862
8180,3170
8181,676
8182,5693
8183,7078
8184,5777
8185,1719
8186,8905
8187,3703
8188,3248
8189,7405
8190,2780
8191,735
8192,4993
8193,5229
8194,877
8195,3214
8196,6467
8197,8128
8198,1115
8199,6630
8200,7467
8201,3925
8202,4625
8203,237
8204,3996
8205,3996
8206,1845
8207,2785
8208,6487
8209,4561
8210,6911
8211,2095
8212,1022
8213,5640
8214,1783
8215,4264
8216,1442
8217,5559
8218,2735
8219,3921
8220,8828
8221,5460
8222,4848
8223,453
8224,1328
8225,875
8226,4944
8227,3393
8228,7302
8229,5164
8230,6080
8231,4812
8232,5050
8233,8944
8234,6460
8235,6168
8236,1084
8237,5958
8238,3436
8239,7185
8240,8202
8241,3342
8242,6680
8243,7649
8244,7209
8245,1784
8246,5408
8247,622
8248,7186
8249,682
8250,7200
8251,8873
8252,3024
8253,5525
8254,4395
8255,4724
8256,3712
8257,179
8258,5087
8259,911
8260,6834
8261,8919
8262,3094
8263,6622
8264,4980
8265,32
8266,6837
8267,5259
8268,1014
8269,8915
8270,7501
8271,8411
8272,8592
8273,901
8274,7766
8275,7672
8276,2279
8277,8122
8278,8155
8279,4123
8280,3998
8281,4236
8282,7465
8283,7299
8284,8513
8285,3924
8286,3690
8287,2951
8288,4069
8289,1182
8290,7094
8291,6755
8292,1108
8293,7252
8294,8753
8295,6298
8296,8709
8297,146
8298,7527
8299,1697
8300,3215
8301,49
8302,8323
8303,1636
8304,5197
8305,1978
8306,6951
8307,2239
8308,8773
8309,5536
8310,5086
8311,4283
8312,5395
8313,5266
8314,4301
8315,6763
8316,8571
8317,1636
8318,7448
8319,8521
8320,6236
8321,8290
8322,2130
8323,8194
8324,1807
8325,553
8326,1236
8327,4699
8328,4007
8329,7401
8330,430
8331,3111
8332,7322
8333,2170
8334,195
8335,8958
8336,5805
8337,2641
8338,1110
8339,587
8340,2527
8341,6136
8342,5515
8343,7538
8344,4500
8345,5312
8346,1753
8347,8460
8348,4945
8349,7267
8350,7795
8351,5136
8352,5303
8353,8706
8354,5253
8355,2752
8356,6000
8357,7104
8358,2884
8359,3397
8360,239
8361,7921
8362,3566
8363,2752
8364,2620
8365,7883
8366,6305
8367,5543
8368,5117
8369,855
8370,5440
8371,4152
8372,8480
8373,1396
8374,3543
8375,1012
8376,5780
8377,4433
8378,4503
8379,6171
8380,1744
8381,7084
8382,6645
8383,2440
8384,8075
8385,2187
8386,8213
8387,3240
8388,6651
8389,6286
8390,7893
8391,3645
8392,833
8393,1095
8394,3812
8395,6737
8396,7665
8397,7080
8398,257
8399,6154
8400,2263
8401,5568
8402,8455
8403,6481
8404,4589
8405,1921
8406,2558
8407,5630
8408,7489
8409,5737
8410,4845
8411,4603
8412,7475
8413,2714
8414,1411
8415,7219
8416,4628
8417,4672
8418,2702
8419,2239
8420,5794
8421,5415
8422,5026
8423,1245
8424,5625
8425,3879
8426,6483
8427,5238
8428,196
8429,301
8430,8766
8431,4522
8432,400
8433,2999
8434,3017
8435,2603
8436,4425
8437,7883
8438,7427
8439,6250
8440,6293
8441,1332
8442,5278
8443,5233
8444,175
8445,43
8446,2849
8447,1206
8448,39
8449,398
8450,2066
8451,8761
8452,4964
8453,8935
8454,2689
8455,4843
8456,8107
8457,2916
8458,2775
8459,7787
8460,5753
8461,1670
8462,7469
8463,6934
8464,1084
8465,5616
8466,1241
8467,6801
8468,7176
8469,1190
8470,260
8471,5038
8472,5022
8473,1655
8474,1599
8475,7833
8476,1727
8477,6465
8478,339
8479,4390
8480,6750
8481,2904
8482,63
8483,8345
8484,1979
8485,6970
8486,7644
8487,2986
8488,7715
8489,8002
8490,6477
8491,3475
8492,7229
8493,4399
8494,2130
8495,1231
8496,6144
8497,5920
8498,5788
8499,960
8500,3504
8501,4926
8502,2963
8503,6389
8504,8711
8505,4942
8506,2154
8507,143
8508,1992
8509,513
8510,1660
8511,1982
8512,3926
8513,7858
8514,5896
8515,6468
8516,7859
8517,5452
8518,8760
8519,1734
8520,6982
8521,3605
8522,1112
8523,619
8524,7307
8525,995
8526,5145
8527,2042
8528,4798
8529,1250
8530,3165
8531,5668
8532,8682
8533,5167
8534,2669
8535,4371
8536,3132
8537,539
8538,166
8539,1342
8540,7477
8541,7263
8542,1146
8543,4010
8544,4628
8545,5553
8546,7298
8547,8086
8548,233
8549,1497
8550,4921
8551,1507
8552,4118
8553,7546
8554,7708
8555,1374
8556,8713
8557,7320
8558,4742
8559,3892
8560,1628
8561,698
8562,7632
8563,2481
8564,3365
8565,5180
8566,7901
8567,1796
8568,5256
8569,3421
8570,6044
8571,4202
8572,1747
8573,1575
8574,2735
8575,1934
8576,8434
8577,5920
8578,896
8579,7434
8580,4865
8581,356
8582,4610
8583,5829
8584,5944
8585,7621
8586,2661
8587,3409
8588,2824
8589,7936
8590,4700
8591,8951
8592,3324
8593,877
8594,8009
8595,4354
8596,3811
8597,5539
8598,8369
8599,1620
8600,1441
8601,8717
8602,481
8603,3857
8604,8685
8605,8173
8606,3703
8607,6518
8608,486
8609,3036
8610,6734
8611,3429
8612,5142
8613,379
8614,313
8615,8497
8616,2896
8617,89
8618,7560
8619,5880
8620,3158
8621,2201
8622,7544
8623,8201
8624,7107
8625,6254
8626,2141
8627,8475
8628,8496
8629,5966
8630,1443
8631,4568
8632,3082
8633,1273
8634,2594
8635,2021
8636,5016
8637,445
8638,7888
8639,7615
8640,4322
8641,2976
8642,5024
8643,7323
8644,1925
8645,5784
8646,7232
8647,5753
8648,7787
8649,2458
8650,7400
8651,4870
8652,6735
8653,2349
8654,2606
8655,3877
8656,6166
8657,2994
8658,5207
8659,378
8660,1657
8661,1915
8662,4856
8663,6083
8664,8511
8665,7517
8666,74
8667,411
8668,6087
8669,2435
8670,4340
8671,2499
8672,1140
8673,5456
8674,6883
8675,8735
8676,6705
8677,1097
8678,4828
8679,8595
8680,4235
8681,6132
8682,537
8683,24
8684,5622
8685,8433
8686,3434
8687,8623
8688,463
8689,7012
8690,6987
8691,337
8692,3169
8693,2356
8694,1604
8695,7969
8696,8252
8697,2235
8698,750
8699,6150
8700,4095
8701,8610
8702,3536
8703,120
8704,1846
8705,6993
8706,4929
8707,4870
8708,7775
8709,8448
8710,1432
8711,674
8712,3318
8713,5004
8714,8312
8715,3346
8716,1000
8717,7793
8718,1143
8719,1228
8720,3924
8721,2537
8722,8846
8723,6461
8724,109
8725,3654
8726,1306
8727,1838
8728,277
8729,1138
8730,3321
8731,7315
8732,4924
8733,6768
8734,8848
8735,3361
8736,886
8737,198
8738,6001
8739,1348
8740,5762
8741,3298
8742,7514
8743,4330
8744,6718
8745,6798
8746,2536
8747,8895
8748,8640
8749,6433
8750,8931
8751,7822
8752,4576
8753,6236
8754,4386
8755,8121
8756,2481
8757,6877
8758,2016
8759,1654
8760,6806
8761,4611
8762,5870
8763,3342
8764,2129
8765,7711
8766,1624
8767,2698
8768,3454
8769,2020
8770,6724
8771,2108
8772,3119
8773,1451
8774,2836
8775,8575
8776,4505
8777,8637
8778,7061
8779,5948
8780,5499
8781,2341
8782,824
8783,2555
8784,8422
8785,145
8786,8054
8787,2498
8788,5512
8789,205
8790,7592
8791,5197
8792,1571
8793,6564
8794,7132
8795,1346
8796,298
8797,6533
8798,6051
8799,279
8800,5948
8801,2934
8802,1968
8803,2155
8804,6329
8805,3415
8806,8155
8807,1502
8808,3817
8809,2493
8810,7619
8811,5461
8812,2188
8813,7137
8814,1947
8815,1486
8816,8740
8817,6573
8818,3587
8819,3100
8820,934
8821,8594
8822,8527
8823,6751
8824,624
8825,5873
8826,2116
8827,1124
8828,7332
8829,6796
8830,351
8831,3565
8832,5339
8833,6488
8834,2856
8835,7500
8836,3773
8837,6834
8838,979
8839,5457
8840,8012
8841,6803
8842,279
8843,7829
8844,3096
8845,3297
8846,3671
8847,6659
8848,6285
8849,2691
8850,8183
8851,4282
8852,5481
8853,2648
8854,4576
8855,3825
8856,6441
8857,3501
8858,5444
8859,4304
8860,1971
8861,8081
8862,7806
8863,7054
8864,8894
8865,391
8866,6136
8867,6061
8868,254
8869,1728
8870,6288
8871,3830
8872,6588
8873,7778
8874,4876
8875,1417
8876,7146
8877,536
8878,5930
8879,5230
8880,5220
8881,3567
8882,5156
8883,6577
8884,8658
8885,227
8886,5657
8887,7446
8888,3850
8889,5932
8890,1799
8891,6881
8892,1538
8893,6136
8894,3404
8895,5504
8896,4011
8897,7894
8898,4876
8899,7047
8900,2833
8901,1508
8902,4837
8903,3488
8904,2407
8905,2590
8906,2118
8907,8789
8908,503
8909,772
8910,2470
8911,3531
8912,3831
8913,6070
8914,3961
8915,3301
8916,3391
8917,3967
8918,4140
8919,7842
8920,383
8921,5275
8922,322
8923,7964
8924,8062
8925,333
8926,5631
8927,5822
8928,3557
8929,8778
8930,3977
8931,8017
8932,7729
8933,5988
8934,3719
8935,1515
8936,5744
8937,7324
8938,314
8939,1188
8940,5267
8941,295
8942,7512
8943,6598
8944,6489
8945,8027
8946,4703
8947,4153
8948,3700
8949,7647
8950,3246
8951,4585
8952,6748
8953,6973
8954,2887
8955,6141
8956,4298
8957,6844
8958,1329
8959,7452
8960,5272
8961,3630
8962,4490
8963,2357
8964,1531
8965,8626
8966,4450
8967,2379
8968,3690
8969,1079
8970,363
8971,5779
8972,6817
8973,5879
8974,6812
8975,7228
8976,2350
8977,6851
8978,7964
8979,7394
8980,1780
8981,4713
8982,4115
8983,2175
8984,8246
8985,1894
8986,3268
8987,1463
8988,203
8989,249
8990,6479
8991,8438
8992,7623
8993,6486
8994,2812
8995,3376
8996,6363
8997,364
8998,5722
8999,1876
