0,138
1,4114
2,4121
3,4862
4,6451
5,2419
6,2974
7,5896
8,6078
9,4163
10,5782
11,6356
12,1498
13,2452
14,1506
15,4960
16,1481
17,2406
18,6034
19,225
20,258
21,2197
22,2343
23,6049
24,6841
25,3627
26,614
27,1028
28,6378
29,5775
30,2912
31,6855
32,3894
33,2601
34,364
35,1654
36,5172
37,1968
38,5566
39,1577
40,1408
41,2123
42,5880
43,5130
44,4561
45,3112
46,4998
47,5229
48,4043
49,3572
50,6464
51,6492
52,2173
53,2288
54,1521
55,6054
56,3334
57,5348
58,6165
59,3852
60,4745
61,5754
62,103
63,3736
64,6815
65,5506
66,2047
67,3202
68,5571
69,318
70,5939
71,3816
72,3592
73,5257
74,541
75,6201
76,191
77,1161
78,3290
79,6478
80,1413
81,2901
82,3146
83,3013
84,1665
85,3413
86,6227
87,2092
88,1803
89,4221
90,3296
91,4175
92,4704
93,1221
94,247
95,3333
96,2034
97,5416
98,2776
99,6941
100,5157
101,1287
102,6154
103,105
104,116
105,5210
106,4776
107,2188
108,2385
109,6762
110,4832
111,2997
112,1403
113,2141
114,1971
115,624
116,5370
117,5879
118,232
119,5861
120,6526
121,2714
122,1156
123,2144
124,5141
125,2626
126,3924
127,6188
128,3940
129,3848
130,1387
131,4572
132,3685
133,4136
134,3222
135,208
136,5934
137,5953
138,1877
139,6688
140,1642
141,4240
142,1116
143,1304
144,5313
145,4537
146,512
147,1088
148,2707
149,3852
150,1789
151,359
152,1441
153,144
154,1043
155,2188
156,1452
157,5607
158,554
159,4472
160,6519
161,1285
162,5210
163,4675
164,1455
165,3709
166,4325
167,4121
168,468
169,5754
170,1152
171,5641
172,3335
173,3343
174,5196
175,6330
176,4643
177,6317
178,1803
179,4570
180,6288
181,3239
182,4430
183,5717
184,4026
185,4250
186,4044
187,2070
188,4352
189,3390
190,6948
191,1413
192,6729
193,3099
194,6539
195,4909
196,4473
197,4810
198,6721
199,553
200,3792
201,4050
202,2094
203,1042
204,4836
205,2316
206,1002
207,1727
208,2757
209,3731
210,3834
211,4562
212,3302
213,5059
214,743
215,603
216,4724
217,5477
218,6296
219,948
220,1654
221,4148
222,4039
223,1799
224,1020
225,3991
226,3129
227,6583
228,2676
229,6267
230,719
231,6986
232,3432
233,5300
234,3378
235,6528
236,5732
237,6105
238,3716
239,4428
240,3139
241,2881
242,5689
243,3299
244,2625
245,6597
246,691
247,4821
248,5794
249,3148
250,2069
251,1519
252,2745
253,3821
254,31
255,3187
256,1486
257,3828
258,2313
259,3213
260,1575
261,2268
262,6579
263,4042
264,1999
265,821
266,1536
267,1359
268,1451
269,5195
270,6155
271,4907
272,5769
273,5739
274,1506
275,3283
276,3316
277,2274
278,6911
279,5936
280,5498
281,1531
282,5302
283,5070
284,5798
285,3053
286,6856
287,1131
288,5865
289,2191
290,6149
291,1802
292,3876
293,2753
294,1289
295,2996
296,4912
297,6064
298,2109
299,5035
300,3918
301,5221
302,1222
303,242
304,4331
305,5956
306,5859
307,2819
308,195
309,3060
310,3664
311,6982
312,3567
313,5967
314,2711
315,1939
316,4161
317,4191
318,6462
319,421
320,2115
321,5019
322,3075
323,523
324,3647
325,4485
326,6220
327,6076
328,137
329,1522
330,6284
331,1903
332,2489
333,3397
334,840
335,1980
336,245
337,1168
338,1663
339,6081
340,2747
341,376
342,3407
343,2965
344,4604
345,6475
346,4069
347,4251
348,1940
349,753
350,6164
351,5148
352,4598
353,1260
354,4351
355,1948
356,6533
357,294
358,897
359,1919
360,6645
361,6078
362,4145
363,2287
364,2991
365,6830
366,4004
367,2101
368,123
369,1843
370,3322
371,1241
372,3696
373,5474
374,2219
375,680
376,775
377,3428
378,6634
379,482
380,5774
381,2950
382,3423
383,2668
384,728
385,4031
386,3003
387,88
388,3849
389,1230
390,2756
391,6671
392,6488
393,2520
394,4521
395,537
396,1565
397,2003
398,3151
399,1201
400,1105
401,2515
402,4577
403,5711
404,3485
405,3782
406,1350
407,2139
408,4067
409,3109
410,1525
411,4691
412,1377
413,625
414,6571
415,1697
416,6044
417,5776
418,2925
419,3748
420,6032
421,5899
422,2721
423,4978
424,5005
425,2133
426,1438
427,1663
428,2550
429,3042
430,4517
431,4596
432,3324
433,5553
434,3359
435,5110
436,6559
437,6312
438,813
439,1802
440,6196
441,2930
442,4711
443,539
444,4281
445,5016
446,3188
447,2055
448,4573
449,4177
450,4704
451,3220
452,5374
453,6351
454,2252
455,5482
456,5290
457,1168
458,4238
459,3365
460,119
461,3653
462,6409
463,3466
464,4190
465,2795
466,5000
467,6451
468,2785
469,1267
470,5572
471,2465
472,382
473,3480
474,1886
475,3613
476,2467
477,3509
478,317
479,5491
480,2745
481,5832
482,2016
483,347
484,6054
485,4911
486,1376
487,6805
488,1434
489,2806
490,4477
491,6353
492,5659
493,4633
494,4345
495,920
496,1460
497,3652
498,1617
499,3586
500,5072
501,69
502,351
503,1829
504,580
505,1338
506,6493
507,5302
508,4771
509,229
510,2868
511,3560
512,1875
513,4561
514,3050
515,5582
516,108
517,3807
518,6842
519,6334
520,5033
521,3458
522,1189
523,1229
524,2015
525,5219
526,815
527,5689
528,5178
529,257
530,6085
531,1630
532,6087
533,224
534,1754
535,6032
536,2068
537,3429
538,6456
539,4514
540,4836
541,84
542,483
543,529
544,207
545,3703
546,249
547,4761
548,1045
549,1379
550,4494
551,5953
552,4771
553,280
554,4764
555,1845
556,6662
557,2645
558,6552
559,3392
560,6749
561,3317
562,6192
563,5300
564,4227
565,1562
566,6536
567,3096
568,4185
569,3972
570,4411
571,2292
572,4491
573,118
574,6671
575,6524
576,3585
577,1126
578,273
579,2223
580,2397
581,263
582,1528
583,419
584,5428
585,1069
586,413
587,5462
588,1389
589,2092
590,256
591,6491
592,775
593,5540
594,1382
595,2464
596,5264
597,6477
598,2062
599,6088
600,6599
601,380
602,3763
603,6154
604,2427
605,3031
606,4811
607,1380
608,1156
609,4979
610,5687
611,1301
612,6975
613,2279
614,619
615,5430
616,5448
617,6732
618,6789
619,2020
620,3080
621,596
622,2410
623,1214
624,2437
625,6123
626,732
627,717
628,6960
629,319
630,6856
631,5860
632,746
633,5808
634,3483
635,333
636,1248
637,4523
638,3181
639,4758
640,2694
641,4969
642,2566
643,4390
644,360
645,2055
646,2876
647,5352
648,4931
649,2201
650,5663
651,4627
652,3834
653,2160
654,3139
655,1355
656,340
657,3862
658,2109
659,6584
660,2130
661,5658
662,4761
663,4496
664,4422
665,4356
666,424
667,3332
668,3472
669,2230
670,4039
671,3076
672,1962
673,1812
674,482
675,912
676,5683
677,5762
678,4719
679,3628
680,1001
681,3737
682,1567
683,4102
684,6599
685,2854
686,928
687,5111
688,2894
689,2511
690,5213
691,1164
692,416
693,2235
694,6647
695,1273
696,3199
697,6405
698,924
699,2257
700,3948
701,2891
702,5494
703,116
704,1516
705,6969
706,2351
707,389
708,4701
709,6014
710,6936
711,5142
712,3190
713,1152
714,161
715,5090
716,4492
717,681
718,1138
719,1839
720,2009
721,3701
722,3912
723,6167
724,406
725,2142
726,5324
727,2753
728,5362
729,3654
730,6269
731,5113
732,3779
733,1928
734,5782
735,6920
736,1960
737,6716
738,4714
739,65
740,4865
741,4205
742,5555
743,2330
744,6494
745,889
746,785
747,4579
748,3981
749,4380
750,2048
751,4438
752,6479
753,3753
754,6403
755,2610
756,4121
757,143
758,125
759,6030
760,649
761,6523
762,4030
763,4703
764,2870
765,1728
766,6266
767,2886
768,6466
769,6223
770,3173
771,4457
772,2388
773,2444
774,1707
775,1828
776,3741
777,5264
778,5740
779,6580
780,3293
781,5893
782,5380
783,1312
784,3094
785,401
786,609
787,3284
788,4349
789,1657
790,1158
791,43
792,5465
793,1681
794,36
795,5608
796,5468
797,6694
798,3799
799,5097
800,1862
801,2793
802,1975
803,625
804,489
805,2632
806,1253
807,577
808,6152
809,618
810,3637
811,34
812,6744
813,6622
814,356
815,1121
816,6160
817,1888
818,6814
819,2279
820,5077
821,50
822,106
823,1524
824,726
825,5931
826,4970
827,3648
828,1679
829,63
830,1674
831,2141
832,5872
833,5795
834,6033
835,4677
836,4989
837,3883
838,4637
839,3219
840,6337
841,2330
842,5241
843,4648
844,2811
845,5844
846,2130
847,885
848,4675
849,5851
850,1183
851,1096
852,6646
853,2637
854,5654
855,1189
856,3284
857,2398
858,2556
859,6842
860,6435
861,5887
862,4060
863,1471
864,500
865,1659
866,2161
867,4216
868,5660
869,1994
870,5615
871,1440
872,6253
873,1284
874,971
875,6188
876,3842
877,6027
878,1506
879,345
880,6802
881,2925
882,1807
883,3954
884,2995
885,1829
886,5918
887,6610
888,104
889,3901
890,5190
891,2435
892,5581
893,6026
894,2748
895,5001
896,1935
897,380
898,6746
899,5503
900,3584
901,2953
902,5566
903,4059
904,5000
905,3717
906,5711
907,5287
908,5624
909,6591
910,450
911,2671
912,5640
913,4795
914,1994
915,5491
916,4169
917,1056
918,1742
919,2704
920,4844
921,1093
922,917
923,6655
924,4616
925,2845
926,6772
927,1961
928,2411
929,5499
930,1400
931,1909
932,6504
933,4252
934,6215
935,1064
936,1999
937,6936
938,3705
939,2256
940,4058
941,1524
942,3700
943,2029
944,6363
945,6544
946,6493
947,1956
948,6027
949,576
950,3706
951,2290
952,2549
953,3729
954,4684
955,2073
956,1401
957,4841
958,1346
959,458
960,1301
961,4883
962,160
963,5847
964,5462
965,3486
966,2046
967,5643
968,1644
969,4298
970,2333
971,3273
972,5459
973,5550
974,653
975,4598
976,934
977,5984
978,5194
979,2748
980,3750
981,4962
982,6349
983,4987
984,4448
985,941
986,6999
987,6334
988,6276
989,5877
990,3976
991,6112
992,2753
993,6809
994,5965
995,6529
996,974
997,4645
998,2775
999,265
1000,1172
1001,2110
1002,160
1003,3815
1004,6376
1005,5449
1006,4937
1007,5982
1008,4956
1009,232
1010,5127
1011,2437
1012,4773
1013,882
1014,6701
1015,2297
1016,6559
1017,4814
1018,570
1019,1794
1020,2028
1021,276
1022,1066
1023,4407
1024,6260
1025,552
1026,6747
1027,4254
1028,669
1029,612
1030,4814
1031,3700
1032,3652
1033,1456
1034,861
1035,6717
1036,6204
1037,2169
1038,252
1039,5489
1040,3883
1041,5779
1042,6928
1043,6300
1044,6997
1045,4788
1046,2484
1047,1312
1048,4119
1049,4255
1050,6698
1051,5808
1052,93
1053,2874
1054,1398
1055,4755
1056,2368
1057,4276
1058,4966
1059,5347
1060,6095
1061,6894
1062,4142
1063,5394
1064,6238
1065,3877
1066,4241
1067,632
1068,92
1069,5905
1070,5017
1071,3852
1072,1278
1073,1702
1074,247
1075,6124
1076,1777
1077,316
1078,6814
1079,962
1080,4589
1081,2357
1082,3890
1083,1173
1084,6901
1085,5058
1086,5454
1087,4465
1088,5786
1089,5082
1090,3883
1091,2988
1092,3535
1093,809
1094,1876
1095,2238
1096,6560
1097,6376
1098,6606
1099,6420
1100,3699
1101,511
1102,1470
1103,353
1104,273
1105,4012
1106,1458
1107,5922
1108,5950
1109,2350
1110,6633
1111,2604
1112,5291
1113,3219
1114,4934
1115,4749
1116,2629
1117,3290
1118,631
1119,3643
1120,6223
1121,3757
1122,5149
1123,621
1124,4346
1125,6295
1126,540
1127,1820
1128,1772
1129,414
1130,4346
1131,117
1132,3006
1133,2573
1134,3621
1135,454
1136,6488
1137,6201
1138,6420
1139,386
1140,4175
1141,3222
1142,2327
1143,3971
1144,1807
1145,6205
1146,251
1147,1163
1148,3987
1149,3908
1150,5869
1151,3007
1152,3913
1153,6930
1154,6264
1155,441
1156,579
1157,2653
1158,6274
1159,5304
1160,2520
1161,1282
1162,6104
1163,1654
1164,5217
1165,3936
1166,74
1167,6934
1168,87
1169,2874
1170,1250
1171,4375
1172,1481
1173,6039
1174,5853
1175,3442
1176,5067
1177,3016
1178,5052
1179,1828
1180,3939
1181,4701
1182,4996
1183,5696
1184,1293
1185,2276
1186,3113
1187,2868
1188,2087
1189,95
1190,1322
1191,5966
1192,6086
1193,3521
1194,3325
1195,4212
1196,4119
1197,6429
1198,3539
1199,4309
1200,2706
1201,5570
1202,2614
1203,910
1204,5608
1205,2967
1206,6711
1207,4700
1208,5205
1209,6783
1210,6261
1211,3091
1212,4152
1213,5721
1214,440
1215,2570
1216,3304
1217,6183
1218,123
1219,1748
1220,3673
1221,3161
1222,5879
1223,5011
1224,156
1225,2662
1226,1228
1227,5746
1228,4724
1229,5678
1230,2066
1231,935
1232,6813
1233,1494
1234,1270
1235,3955
1236,3015
1237,3352
1238,5401
1239,4472
1240,5976
1241,1687
1242,1706
1243,4054
1244,455
1245,4436
1246,6356
1247,5401
1248,3540
1249,3472
1250,2986
1251,1123
1252,3654
1253,3415
1254,5038
1255,857
1256,3892
1257,6773
1258,4561
1259,6021
1260,589
1261,3192
1262,5820
1263,4032
1264,3532
1265,913
1266,774
1267,4889
1268,2986
1269,6624
1270,2438
1271,1455
1272,2527
1273,4059
1274,1888
1275,4871
1276,2547
1277,4426
1278,5293
1279,4714
1280,39
1281,1755
1282,1410
1283,5613
1284,129
1285,5
1286,3683
1287,6302
1288,1148
1289,2515
1290,6080
1291,4225
1292,1894
1293,639
1294,4277
1295,6988
1296,1363
1297,4759
1298,488
1299,3125
1300,102
1301,441
1302,5460
1303,5174
1304,1928
1305,3135
1306,4442
1307,962
1308,4833
1309,655
1310,3751
1311,1239
1312,6555
1313,3778
1314,1600
1315,2088
1316,6127
1317,1447
1318,777
1319,741
1320,2935
1321,4459
1322,1510
1323,3697
1324,5610
1325,5167
1326,3825
1327,5696
1328,4310
1329,5477
1330,2066
1331,6875
1332,2343
1333,96
1334,6277
1335,4730
1336,6150
1337,5352
1338,3828
1339,468
1340,5509
1341,4399
1342,3981
1343,5542
1344,5126
1345,1131
1346,6191
1347,3862
1348,3867
1349,6272
1350,6478
1351,5618
1352,4673
1353,2161
1354,4582
1355,5338
1356,4134
1357,2739
1358,4348
1359,3703
1360,201
1361,5311
1362,519
1363,4542
1364,1024
1365,3633
1366,2317
1367,3109
1368,2628
1369,5401
1370,2291
1371,2609
1372,6658
1373,3694
1374,4685
1375,3610
1376,6123
1377,6450
1378,4563
1379,1619
1380,5490
1381,6902
1382,4356
1383,5458
1384,997
1385,2610
1386,1148
1387,5664
1388,893
1389,3809
1390,2305
1391,805
1392,1120
1393,5967
1394,3875
1395,5787
1396,1070
1397,2216
1398,6738
1399,6869
1400,4296
1401,5775
1402,3634
1403,237
1404,1124
1405,143
1406,1001
1407,4503
1408,5701
1409,1986
1410,2945
1411,6381
1412,2200
1413,379
1414,2616
1415,5543
1416,3753
1417,314
1418,4780
1419,4726
1420,6531
1421,3651
1422,4685
1423,4510
1424,383
1425,3243
1426,5075
1427,1750
1428,6540
1429,3457
1430,5494
1431,4557
1432,2413
1433,5253
1434,693
1435,995
1436,168
1437,2432
1438,2046
1439,3081
1440,1930
1441,6511
1442,555
1443,894
1444,3224
1445,4741
1446,2422
1447,4239
1448,4600
1449,763
1450,3387
1451,2793
1452,1014
1453,4447
1454,2284
1455,1478
1456,5274
1457,2783
1458,1930
1459,4594
1460,2183
1461,5752
1462,3735
1463,1153
1464,1223
1465,5807
1466,6552
1467,3616
1468,1361
1469,475
1470,631
1471,6620
1472,69
1473,1454
1474,2896
1475,6146
1476,2358
1477,4486
1478,4513
1479,1124
1480,3230
1481,3708
1482,1076
1483,5005
1484,6655
1485,5559
1486,25
1487,6889
1488,1269
1489,4278
1490,4900
1491,5084
1492,906
1493,6577
1494,4390
1495,6830
1496,3241
1497,5282
1498,2456
1499,6639
1500,5028
1501,5054
1502,1402
1503,6789
1504,4065
1505,5258
1506,1705
1507,3527
1508,6695
1509,6683
1510,1231
1511,4900
1512,3479
1513,2518
1514,3812
1515,213
1516,3725
1517,2025
1518,554
1519,2844
1520,2429
1521,1508
1522,1174
1523,200
1524,6498
1525,1327
1526,6850
1527,3390
1528,129
1529,5082
1530,2296
1531,2341
1532,5349
1533,5083
1534,3985
1535,1878
1536,4780
1537,5271
1538,2084
1539,5398
1540,3159
1541,1584
1542,3234
1543,1810
1544,2582
1545,1647
1546,1949
1547,5318
1548,674
1549,6479
1550,4569
1551,1986
1552,6980
1553,3230
1554,3803
1555,5953
1556,3858
1557,5344
1558,1774
1559,3903
1560,1602
1561,5913
1562,6556
1563,2718
1564,5231
1565,5887
1566,5209
1567,3565
1568,201
1569,26
1570,1340
1571,5918
1572,6521
1573,4169
1574,927
1575,6706
1576,3569
1577,5714
1578,6101
1579,6788
1580,6530
1581,3998
1582,379
1583,5455
1584,1607
1585,6143
1586,959
1587,244
1588,3719
1589,4606
1590,5285
1591,3364
1592,112
1593,6613
1594,4537
1595,1862
1596,735
1597,238
1598,3262
1599,2925
1600,4444
1601,5174
1602,813
1603,1377
1604,3409
1605,5498
1606,5225
1607,3297
1608,4723
1609,4924
1610,3063
1611,3802
1612,330
1613,2082
1614,1604
1615,2063
1616,2987
1617,3467
1618,5190
1619,1509
1620,6100
1621,1319
1622,3420
1623,792
1624,4031
1625,4082
1626,6977
1627,1224
1628,6856
1629,2804
1630,5580
1631,2514
1632,5505
1633,4280
1634,5371
1635,6380
1636,2781
1637,4047
1638,1086
1639,5257
1640,2904
1641,4576
1642,648
1643,4213
1644,5709
1645,495
1646,1631
1647,5206
1648,4434
1649,6895
1650,2797
1651,3815
1652,2734
1653,1981
1654,2543
1655,3362
1656,3195
1657,467
1658,3610
1659,5720
1660,1790
1661,6773
1662,1790
1663,6576
1664,4684
1665,3267
1666,5363
1667,4843
1668,342
1669,1148
1670,2320
1671,3880
1672,4404
1673,19
1674,6762
1675,2553
1676,4184
1677,249
1678,2337
1679,3296
1680,2745
1681,2742
1682,2447
1683,6695
1684,1521
1685,6885
1686,4017
1687,5659
1688,3896
1689,3124
1690,872
1691,1924
1692,1279
1693,3125
1694,4905
1695,4852
1696,2112
1697,4556
1698,168
1699,3529
1700,1962
1701,2060
1702,2524
1703,4417
1704,6715
1705,5712
1706,4507
1707,4321
1708,6183
1709,6795
1710,1558
1711,3170
1712,2037
1713,2645
1714,2080
1715,1128
1716,2176
1717,1691
1718,848
1719,3392
1720,3810
1721,4218
1722,6485
1723,6614
1724,6596
1725,1727
1726,5345
1727,6456
1728,1715
1729,2190
1730,798
1731,171
1732,2845
1733,4613
1734,5350
1735,6480
1736,5426
1737,603
1738,6055
1739,6970
1740,877
1741,4067
1742,1474
1743,1590
1744,2056
1745,1583
1746,5292
1747,2207
1748,1095
1749,5299
1750,6982
1751,766
1752,37
1753,6816
1754,5095
1755,6235
1756,4868
1757,3841
1758,1914
1759,2474
1760,1808
1761,5613
1762,6930
1763,1716
1764,6002
1765,5953
1766,2721
1767,3321
1768,3619
1769,5377
1770,192
1771,1055
1772,1710
1773,3315
1774,2041
1775,3746
1776,6808
1777,6617
1778,5008
1779,3712
1780,2651
1781,985
1782,1120
1783,3296
1784,654
1785,3386
1786,2994
1787,5486
1788,4024
1789,2741
1790,663
1791,6621
1792,1539
1793,3662
1794,5559
1795,1050
1796,5774
1797,4629
1798,4971
1799,1224
1800,4219
1801,4677
1802,1932
1803,4902
1804,5727
1805,1505
1806,3982
1807,3713
1808,3279
1809,6246
1810,927
1811,1311
1812,6928
1813,2537
1814,242
1815,705
1816,2023
1817,2493
1818,5432
1819,876
1820,4311
1821,1401
1822,1414
1823,4565
1824,1672
1825,6204
1826,2921
1827,5358
1828,4589
1829,1486
1830,3398
1831,5186
1832,486
1833,652
1834,1446
1835,2136
1836,2060
1837,2207
1838,6294
1839,6615
1840,1723
1841,3666
1842,725
1843,1615
1844,4073
1845,1006
1846,1103
1847,3375
1848,5749
1849,5429
1850,3623
1851,2113
1852,1395
1853,583
1854,5697
1855,4966
1856,3044
1857,2531
1858,6149
1859,1215
1860,5361
1861,3830
1862,3103
1863,1241
1864,1288
1865,4729
1866,1827
1867,5812
1868,2232
1869,1290
1870,1197
1871,4232
1872,2519
1873,2578
1874,919
1875,6973
1876,2795
1877,2758
1878,4525
1879,1886
1880,1020
1881,3620
1882,5194
1883,3808
1884,4544
1885,404
1886,3469
1887,6933
1888,2585
1889,2512
1890,725
1891,4599
1892,1193
1893,418
1894,2057
1895,6491
1896,6101
1897,5585
1898,5749
1899,4972
1900,256
1901,5222
1902,1247
1903,1769
1904,4926
1905,6369
1906,480
1907,3708
1908,6065
1909,3188
1910,4518
1911,4336
1912,4368
1913,3344
1914,1869
1915,670
1916,2227
1917,6364
1918,3189
1919,5436
1920,2908
1921,6791
1922,3495
1923,1099
1924,1999
1925,2710
1926,3930
1927,3771
1928,210
1929,4750
1930,2218
1931,3749
1932,6191
1933,2056
1934,6008
1935,5068
1936,3902
1937,6556
1938,172
1939,6505
1940,5839
1941,6331
1942,1558
1943,4522
1944,3526
1945,2733
1946,3493
1947,4655
1948,5199
1949,1915
1950,375
1951,553
1952,6401
1953,2043
1954,4007
1955,942
1956,1495
1957,6998
1958,5908
1959,5317
1960,2561
1961,4191
1962,2494
1963,2498
1964,4569
1965,786
1966,123
1967,1287
1968,42
1969,1246
1970,4936
1971,4072
1972,467
1973,6256
1974,1123
1975,2905
1976,6568
1977,438
1978,4557
1979,1550
1980,129
1981,3837
1982,6165
1983,1903
1984,940
1985,4096
1986,3167
1987,5205
1988,2118
1989,1045
1990,2868
1991,133
1992,4599
1993,5333
1994,1747
1995,5633
1996,4268
1997,5040
1998,5597
1999,5013
2000,53
2001,3619
2002,6694
2003,3525
2004,4054
2005,3175
2006,6296
2007,5360
2008,6115
2009,479
2010,4201
2011,5632
2012,5
2013,1278
2014,5660
2015,25
2016,6929
2017,6530
2018,5885
2019,6260
2020,536
2021,6065
2022,4766
2023,3296
2024,5457
2025,4718
2026,495
2027,1563
2028,3778
2029,2736
2030,5234
2031,6842
2032,5765
2033,5320
2034,4452
2035,2531
2036,1159
2037,3861
2038,936
2039,3019
2040,4748
2041,3157
2042,5069
2043,401
2044,2430
2045,1250
2046,3328
2047,6550
2048,917
2049,2310
2050,908
2051,6287
2052,3856
2053,5037
2054,6037
2055,312
2056,5289
2057,1102
2058,757
2059,1511
2060,6111
2061,1117
2062,2582
2063,5754
2064,3493
2065,624
2066,1982
2067,6822
2068,5800
2069,964
2070,3344
2071,3486
2072,885
2073,2739
2074,6046
2075,6332
2076,3465
2077,3956
2078,5180
2079,5295
2080,3282
2081,2656
2082,225
2083,4193
2084,370
2085,5124
2086,6447
2087,6475
2088,5101
2089,1824
2090,1641
2091,3887
2092,4736
2093,4170
2094,6388
2095,6002
2096,1353
2097,4112
2098,1926
2099,1396
2100,3557
2101,5697
2102,6819
2103,1141
2104,2956
2105,6030
2106,2791
2107,4062
2108,4481
2109,6058
2110,6670
2111,6225
2112,6925
2113,6906
2114,3030
2115,782
2116,3756
2117,1195
2118,6646
2119,4804
2120,4823
2121,1280
2122,3528
2123,5616
2124,6272
2125,613
2126,2097
2127,3572
2128,3933
2129,3115
2130,18
2131,5095
2132,5755
2133,4175
2134,5847
2135,4877
2136,2139
2137,1897
2138,3157
2139,3883
2140,4378
2141,1878
2142,6648
2143,6929
2144,4379
2145,5779
2146,5833
2147,2980
2148,343
2149,4567
2150,311
2151,4095
2152,1829
2153,6715
2154,5045
2155,2029
2156,3220
2157,8
2158,1673
2159,1502
2160,852
2161,4133
2162,5597
2163,4348
2164,6205
2165,4956
2166,1878
2167,4920
2168,6512
2169,5976
2170,4810
2171,5486
2172,5817
2173,5550
2174,5103
2175,4354
2176,5382
2177,2572
2178,3718
2179,3173
2180,3905
2181,666
2182,3806
2183,2616
2184,753
2185,2060
2186,2404
2187,2683
2188,5207
2189,4161
2190,6112
2191,187
2192,1852
2193,2099
2194,4540
2195,6990
2196,1616
2197,4939
2198,149
2199,5036
2200,3301
2201,2616
2202,6276
2203,3556
2204,3402
2205,6396
2206,5958
2207,1664
2208,6068
2209,235
2210,279
2211,3390
2212,2918
2213,2569
2214,3718
2215,1331
2216,2753
2217,2799
2218,4050
2219,174
2220,214
2221,1474
2222,874
2223,5191
2224,2896
2225,2944
2226,4305
2227,594
2228,2336
2229,1631
2230,5576
2231,1572
2232,2600
2233,1716
2234,4590
2235,6201
2236,5936
2237,2197
2238,2891
2239,3111
2240,5367
2241,4492
2242,6650
2243,4002
2244,1521
2245,4696
2246,3980
2247,349
2248,5311
2249,6881
2250,4146
2251,6706
2252,1373
2253,5752
2254,6466
2255,6278
2256,1268
2257,6089
2258,3042
2259,1364
2260,6872
2261,1910
2262,3259
2263,2716
2264,3131
2265,6809
2266,1781
2267,2752
2268,2984
2269,3157
2270,6728
2271,4211
2272,1212
2273,4546
2274,562
2275,5670
2276,6127
2277,6843
2278,2397
2279,6488
2280,3241
2281,4301
2282,320
2283,5458
2284,4631
2285,5967
2286,3781
2287,4012
2288,3924
2289,5233
2290,5235
2291,2815
2292,6100
2293,1842
2294,1250
2295,3120
2296,2772
2297,3258
2298,5147
2299,1350
2300,5037
2301,2696
2302,2698
2303,1160
2304,296
2305,1833
2306,2780
2307,5702
2308,3555
2309,2318
2310,3570
2311,5722
2312,234
2313,4384
2314,4120
2315,4314
2316,400
2317,4355
2318,4639
2319,1158
2320,4244
2321,4700
2322,3982
2323,4800
2324,433
2325,4824
2326,4576
2327,1381
2328,758
2329,531
2330,4774
2331,1134
2332,1508
2333,6538
2334,5261
2335,1979
2336,4582
2337,3477
2338,4402
2339,2357
2340,1930
2341,5005
2342,5130
2343,3678
2344,1549
2345,1789
2346,6615
2347,5152
2348,5422
2349,2184
2350,2196
2351,774
2352,5392
2353,2047
2354,3585
2355,2667
2356,899
2357,2261
2358,2346
2359,4661
2360,4900
2361,6241
2362,5194
2363,5277
2364,5569
2365,439
2366,4957
2367,711
2368,6841
2369,5148
2370,2834
2371,3032
2372,4456
2373,2699
2374,6351
2375,6424
2376,5904
2377,4865
2378,5000
2379,5302
2380,666
2381,3849
2382,5447
2383,522
2384,1668
2385,2685
2386,1367
2387,1339
2388,5717
2389,315
2390,3588
2391,4102
2392,1364
2393,6015
2394,6281
2395,4383
2396,2055
2397,42
2398,5261
2399,647
2400,4759
2401,4079
2402,4792
2403,5755
2404,4136
2405,3854
2406,3895
2407,76
2408,6310
2409,4615
2410,4407
2411,5000
2412,6178
2413,6108
2414,6950
2415,4069
2416,1173
2417,587
2418,1492
2419,493
2420,1084
2421,6559
2422,2929
2423,5667
2424,2857
2425,3786
2426,2545
2427,3560
2428,2090
2429,6841
2430,1034
2431,2313
2432,2482
2433,1684
2434,6862
2435,3489
2436,6542
2437,6056
2438,5772
2439,4815
2440,1650
2441,1291
2442,2016
2443,2940
2444,290
2445,4116
2446,6635
2447,5243
2448,405
2449,5188
2450,5613
2451,2581
2452,5563
2453,3285
2454,3719
2455,4904
2456,6215
2457,5853
2458,4109
2459,4915
2460,5311
2461,6910
2462,2512
2463,3769
2464,6912
2465,3030
2466,6106
2467,5455
2468,6175
2469,4567
2470,1778
2471,2483
2472,1506
2473,5266
2474,4832
2475,4228
2476,3013
2477,956
2478,6491
2479,3104
2480,6993
2481,2021
2482,5989
2483,1598
2484,575
2485,5768
2486,4280
2487,3721
2488,2106
2489,6716
2490,33
2491,2893
2492,4105
2493,1935
2494,4483
2495,5209
2496,4436
2497,4962
2498,6559
2499,273
2500,5054
2501,1477
2502,1919
2503,3302
2504,473
2505,1695
2506,3834
2507,3972
2508,6640
2509,1441
2510,5153
2511,6593
2512,5837
2513,2304
2514,6720
2515,6237
2516,4195
2517,2198
2518,553
2519,18
2520,5941
2521,6092
2522,274
2523,2753
2524,1213
2525,1286
2526,5174
2527,4518
2528,5234
2529,4739
2530,1481
2531,5754
2532,4016
2533,447
2534,4237
2535,5459
2536,6083
2537,6575
2538,5074
2539,6162
2540,334
2541,696
2542,3083
2543,2560
2544,1197
2545,4508
2546,6579
2547,2542
2548,4572
2549,4850
2550,6925
2551,1168
2552,5446
2553,5937
2554,6739
2555,1764
2556,6343
2557,3816
2558,3623
2559,893
2560,6549
2561,6965
2562,6749
2563,1111
2564,297
2565,6601
2566,4345
2567,1870
2568,460
2569,6365
2570,3333
2571,2464
2572,1988
2573,6195
2574,3875
2575,3619
2576,494
2577,978
2578,2009
2579,6948
2580,3909
2581,2983
2582,1506
2583,4869
2584,6616
2585,1005
2586,6984
2587,2426
2588,3386
2589,5410
2590,2288
2591,5121
2592,6123
2593,3925
2594,750
2595,3699
2596,1708
2597,4999
2598,4543
2599,1651
2600,984
2601,2061
2602,4958
2603,5250
2604,3957
2605,2759
2606,5158
2607,4133
2608,6882
2609,6081
2610,6782
2611,180
2612,403
2613,875
2614,6122
2615,3855
2616,3727
2617,4478
2618,2190
2619,1463
2620,2411
2621,414
2622,1965
2623,1934
2624,1943
2625,1135
2626,6424
2627,6052
2628,4158
2629,3677
2630,507
2631,2279
2632,6635
2633,2300
2634,4249
2635,1558
2636,4006
2637,0
2638,751
2639,3730
2640,4822
2641,5866
2642,62
2643,4121
2644,2801
2645,5440
2646,4874
2647,153
2648,1751
2649,3360
2650,1592
2651,1958
2652,1901
2653,1257
2654,2892
2655,2072
2656,157
2657,2485
2658,4696
2659,5220
2660,5058
2661,5503
2662,3512
2663,108
2664,401
2665,1149
2666,690
2667,2326
2668,3299
2669,202
2670,2692
2671,4974
2672,5311
2673,2843
2674,3886
2675,193
2676,3524
2677,4771
2678,1006
2679,3663
2680,3876
2681,3054
2682,5602
2683,6924
2684,4365
2685,1814
2686,6087
2687,1771
2688,2489
2689,3141
2690,4809
2691,4223
2692,133
2693,3360
2694,2764
2695,768
2696,6310
2697,285
2698,4542
2699,6150
2700,4839
2701,233
2702,3943
2703,5357
2704,4639
2705,6871
2706,1641
2707,1870
2708,2392
2709,4672
2710,2386
2711,6237
2712,3194
2713,3604
2714,2104
2715,4996
2716,4246
2717,203
2718,6708
2719,6795
2720,5799
2721,1251
2722,1111
2723,6106
2724,2114
2725,3854
2726,6777
2727,2078
2728,1230
2729,1095
2730,984
2731,1739
2732,6014
2733,5072
2734,141
2735,6764
2736,5284
2737,5379
2738,4315
2739,5596
2740,1968
2741,1628
2742,6249
2743,4776
2744,1733
2745,5519
2746,6311
2747,3211
2748,3668
2749,2211
2750,2765
2751,1357
2752,1571
2753,2650
2754,1222
2755,3745
2756,3669
2757,356
2758,4995
2759,4082
2760,4645
2761,4279
2762,6860
2763,5585
2764,5773
2765,4429
2766,1210
2767,5070
2768,1024
2769,2482
2770,3152
2771,6728
2772,4880
2773,1081
2774,1664
2775,5122
2776,4713
2777,2314
2778,2554
2779,6685
2780,2557
2781,1489
2782,1726
2783,1636
2784,6841
2785,6734
2786,6875
2787,1616
2788,5556
2789,6373
2790,6392
2791,5608
2792,495
2793,4730
2794,1031
2795,4396
2796,3072
2797,4859
2798,2882
2799,6862
2800,2433
2801,1481
2802,2909
2803,4742
2804,6981
2805,5075
2806,4739
2807,2329
2808,4499
2809,2065
2810,949
2811,4893
2812,5051
2813,2995
2814,2373
2815,76
2816,6333
2817,268
2818,6912
2819,6258
2820,3369
2821,5334
2822,6426
2823,3348
2824,288
2825,147
2826,5972
2827,95
2828,6546
2829,197
2830,864
2831,3594
2832,2945
2833,5371
2834,6037
2835,2714
2836,2131
2837,4152
2838,6366
2839,368
2840,4661
2841,2961
2842,3388
2843,1152
2844,5410
2845,2763
2846,6124
2847,337
2848,4347
2849,6711
2850,3188
2851,1220
2852,168
2853,2876
2854,3934
2855,2059
2856,332
2857,47
2858,39
2859,5175
2860,2159
2861,4680
2862,5025
2863,5965
2864,1006
2865,6324
2866,6708
2867,1359
2868,1357
2869,1603
2870,1708
2871,1211
2872,3852
2873,6750
2874,4180
2875,6698
2876,2695
2877,4879
2878,6848
2879,911
2880,2431
2881,2540
2882,4152
2883,417
2884,4390
2885,4641
2886,6360
2887,1927
2888,1352
2889,4985
2890,3868
2891,4968
2892,4724
2893,3561
2894,1633
2895,1868
2896,5738
2897,4721
2898,1415
2899,3810
2900,3863
2901,5279
2902,4115
2903,6118
2904,1436
2905,5482
2906,6720
2907,6262
2908,6285
2909,73
2910,1621
2911,5266
2912,157
2913,5438
2914,4234
2915,846
2916,3294
2917,842
2918,6580
2919,3878
2920,2238
2921,1693
2922,6144
2923,2325
2924,3637
2925,4450
2926,3388
2927,1433
2928,4099
2929,3725
2930,1465
2931,4726
2932,1135
2933,114
2934,5885
2935,2181
2936,5873
2937,859
2938,2165
2939,6305
2940,3401
2941,4222
2942,967
2943,895
2944,1697
2945,1665
2946,541
2947,1599
2948,3997
2949,1203
2950,5589
2951,171
2952,5875
2953,3728
2954,1262
2955,6515
2956,6301
2957,2936
2958,3438
2959,4882
2960,1796
2961,5596
2962,6998
2963,368
2964,3462
2965,1894
2966,5759
2967,4021
2968,920
2969,6517
2970,3485
2971,6687
2972,1830
2973,5122
2974,1217
2975,2720
2976,4655
2977,4058
2978,3477
2979,4344
2980,4079
2981,6664
2982,6025
2983,4698
2984,2876
2985,2269
2986,4658
2987,2173
2988,2065
2989,111
2990,722
2991,4121
2992,5448
2993,195
2994,5603
2995,5892
2996,810
2997,5289
2998,5204
2999,905
3000,1227
3001,2323
3002,4822
3003,3347
3004,2121
3005,4921
3006,2128
3007,4691
3008,3011
3009,5964
3010,1631
3011,5756
3012,5735
3013,5356
3014,5954
3015,6335
3016,1443
3017,841
3018,2569
3019,5120
3020,5492
3021,4003
3022,5541
3023,2500
3024,5869
3025,4038
3026,4154
3027,2605
3028,3991
3029,645
3030,2186
3031,3668
3032,4463
3033,6505
3034,3219
3035,2778
3036,1094
3037,903
3038,432
3039,2915
3040,5618
3041,348
3042,3446
3043,2248
3044,2265
3045,1453
3046,1149
3047,4175
3048,4501
3049,1239
3050,3566
3051,992
3052,3683
3053,807
3054,1619
3055,774
3056,4358
3057,4320
3058,4849
3059,2561
3060,5809
3061,2335
3062,5379
3063,5188
3064,6721
3065,2548
3066,3361
3067,4504
3068,5592
3069,263
3070,6701
3071,3980
3072,4494
3073,4181
3074,2702
3075,4815
3076,6978
3077,1878
3078,3517
3079,4220
3080,4951
3081,6211
3082,6933
3083,4977
3084,6209
3085,2913
3086,5688
3087,1596
3088,5695
3089,4013
3090,1404
3091,4881
3092,5474
3093,1707
3094,3108
3095,3580
3096,3555
3097,2455
3098,3338
3099,4056
3100,372
3101,5015
3102,5219
3103,4171
3104,1988
3105,3651
3106,723
3107,1478
3108,3150
3109,6002
3110,2944
3111,4316
3112,2539
3113,1162
3114,1298
3115,2478
3116,1171
3117,5244
3118,511
3119,6144
3120,6851
3121,2577
3122,5725
3123,4
3124,1625
3125,6693
3126,6841
3127,2137
3128,963
3129,5655
3130,2772
3131,1791
3132,581
3133,3641
3134,2445
3135,1162
3136,3257
3137,771
3138,5562
3139,5897
3140,1864
3141,3334
3142,6008
3143,6370
3144,4807
3145,1608
3146,5922
3147,659
3148,6685
3149,4579
3150,429
3151,6575
3152,4416
3153,6985
3154,6010
3155,6780
3156,6792
3157,1489
3158,3997
3159,6341
3160,5931
3161,807
3162,851
3163,1369
3164,6911
3165,3827
3166,2024
3167,79
3168,1199
3169,2744
3170,6742
3171,6467
3172,2556
3173,2767
3174,522
3175,4146
3176,645
3177,5487
3178,2240
3179,3494
3180,3138
3181,5899
3182,6046
3183,502
3184,3425
3185,6361
3186,2998
3187,5014
3188,2475
3189,3667
3190,4429
3191,6326
3192,4985
3193,2491
3194,2537
3195,1777
3196,1456
3197,4583
3198,3680
3199,564
3200,5419
3201,2623
3202,3795
3203,1593
3204,1848
3205,5295
3206,1113
3207,5720
3208,6283
3209,453
3210,4544
3211,2337
3212,4766
3213,4113
3214,6494
3215,2048
3216,6682
3217,396
3218,3190
3219,749
3220,431
3221,118
3222,1694
3223,4647
3224,6303
3225,5376
3226,700
3227,5500
3228,233
3229,1322
3230,5473
3231,1863
3232,5938
3233,539
3234,5246
3235,1847
3236,2317
3237,2059
3238,2459
3239,3504
3240,2347
3241,4846
3242,4847
3243,1433
3244,6518
3245,1047
3246,6673
3247,3233
3248,191
3249,2918
3250,6404
3251,6286
3252,1799
3253,3136
3254,6810
3255,371
3256,2483
3257,2393
3258,1591
3259,1694
3260,1312
3261,1641
3262,422
3263,6323
3264,3630
3265,6576
3266,3442
3267,2712
3268,514
3269,2503
3270,4858
3271,1271
3272,1427
3273,3405
3274,6359
3275,3521
3276,5717
3277,6530
3278,5586
3279,1933
3280,2892
3281,4644
3282,5934
3283,4061
3284,2856
3285,1971
3286,5517
3287,3913
3288,463
3289,5155
3290,1655
3291,5802
3292,3417
3293,5382
3294,6957
3295,2317
3296,2477
3297,6643
3298,427
3299,4993
3300,2720
3301,2151
3302,3275
3303,5943
3304,5581
3305,670
3306,1918
3307,2374
3308,3832
3309,3790
3310,2486
3311,224
3312,4285
3313,4729
3314,5168
3315,5549
3316,5494
3317,477
3318,1445
3319,3634
3320,4265
3321,5969
3322,503
3323,5885
3324,6960
3325,894
3326,4432
3327,4415
3328,6665
3329,615
3330,3421
3331,2974
3332,5958
3333,4911
3334,3314
3335,726
3336,6943
3337,1654
3338,4320
3339,6564
3340,2635
3341,4127
3342,281
3343,1191
3344,1174
3345,6801
3346,3100
3347,5683
3348,1492
3349,928
3350,3404
3351,5203
3352,1132
3353,2263
3354,4939
3355,5682
3356,4783
3357,2565
3358,4251
3359,335
3360,6376
3361,2721
3362,3045
3363,4538
3364,870
3365,6938
3366,659
3367,5591
3368,1620
3369,1424
3370,4191
3371,6974
3372,1465
3373,2721
3374,6287
3375,2229
3376,243
3377,5849
3378,2192
3379,3531
3380,4647
3381,4689
3382,6079
3383,2665
3384,371
3385,3090
3386,5023
3387,687
3388,165
3389,4662
3390,1284
3391,359
3392,6068
3393,3324
3394,982
3395,690
3396,1716
3397,4382
3398,1449
3399,4638
3400,335
3401,6384
3402,5705
3403,1657
3404,1183
3405,3656
3406,3947
3407,813
3408,6808
3409,1828
3410,3647
3411,1360
3412,6562
3413,6540
3414,3194
3415,2014
3416,6180
3417,37
3418,5127
3419,2709
3420,1468
3421,5399
3422,3173
3423,1845
3424,6635
3425,4580
3426,148
3427,5442
3428,253
3429,1278
3430,4417
3431,2631
3432,1670
3433,5635
3434,2489
3435,1505
3436,2040
3437,3023
3438,3251
3439,541
3440,2289
3441,1295
3442,1573
3443,1855
3444,3185
3445,6605
3446,3536
3447,4680
3448,4938
3449,445
3450,6032
3451,1051
3452,3576
3453,4243
3454,4835
3455,2484
3456,4520
3457,2734
3458,4004
3459,1581
3460,6492
3461,845
3462,5423
3463,4407
3464,1204
3465,1085
3466,548
3467,4729
3468,4073
3469,3412
3470,3465
3471,2024
3472,3970
3473,1293
3474,5255
3475,1308
3476,250
3477,1000
3478,6239
3479,1322
3480,2657
3481,805
3482,13
3483,3571
3484,5574
3485,6453
3486,3962
3487,6592
3488,4110
3489,5117
3490,6368
3491,4680
3492,4278
3493,6768
3494,1583
3495,4640
3496,333
3497,2008
3498,1437
3499,5510
3500,6525
3501,1601
3502,513
3503,4075
3504,1480
3505,5914
3506,3912
3507,1778
3508,734
3509,6729
3510,1433
3511,832
3512,6141
3513,1465
3514,1915
3515,6602
3516,2146
3517,2387
3518,1062
3519,2398
3520,171
3521,1366
3522,6271
3523,5927
3524,4335
3525,5228
3526,4557
3527,8
3528,2565
3529,5347
3530,6336
3531,5508
3532,2033
3533,1404
3534,2025
3535,4504
3536,6389
3537,523
3538,4796
3539,4470
3540,5660
3541,6836
3542,2811
3543,3247
3544,1889
3545,686
3546,2028
3547,2763
3548,4223
3549,5095
3550,3987
3551,1408
3552,1362
3553,4524
3554,4410
3555,4437
3556,18
3557,619
3558,1780
3559,2242
3560,23
3561,6279
3562,4785
3563,6374
3564,2192
3565,3119
3566,4723
3567,1564
3568,1814
3569,652
3570,5832
3571,3724
3572,6549
3573,2268
3574,5096
3575,2561
3576,2643
3577,2944
3578,5086
3579,5788
3580,817
3581,3862
3582,4516
3583,6780
3584,6967
3585,12
3586,4599
3587,2207
3588,4651
3589,5730
3590,2153
3591,6226
3592,6081
3593,4946
3594,4557
3595,5889
3596,3407
3597,2615
3598,2381
3599,2004
3600,207
3601,3503
3602,3367
3603,6687
3604,5800
3605,1407
3606,5590
3607,1572
3608,3686
3609,5065
3610,2229
3611,5022
3612,4581
3613,2332
3614,5782
3615,3468
3616,5781
3617,1001
3618,225
3619,3025
3620,2919
3621,6901
3622,5264
3623,1564
3624,6310
3625,4096
3626,4007
3627,4801
3628,1137
3629,896
3630,1337
3631,5171
3632,3613
3633,1834
3634,1637
3635,436
3636,1847
3637,4671
3638,4159
3639,4394
3640,3014
3641,2487
3642,1083
3643,704
3644,5071
3645,5869
3646,1877
3647,6974
3648,4266
3649,1431
3650,4284
3651,3542
3652,674
3653,6232
3654,588
3655,3501
3656,2098
3657,2115
3658,4043
3659,1585
3660,6299
3661,4182
3662,4707
3663,2805
3664,6466
3665,2793
3666,2286
3667,4182
3668,534
3669,6073
3670,4304
3671,3233
3672,503
3673,3046
3674,3950
3675,3724
3676,4978
3677,6861
3678,6228
3679,1630
3680,5913
3681,1195
3682,2380
3683,1547
3684,3375
3685,6239
3686,5059
3687,5479
3688,4753
3689,457
3690,1741
3691,2262
3692,5064
3693,4773
3694,2457
3695,3510
3696,2451
3697,727
3698,4303
3699,2338
3700,4154
3701,5554
3702,2893
3703,717
3704,6645
3705,6017
3706,2673
3707,2831
3708,6251
3709,6664
3710,937
3711,5014
3712,2286
3713,2368
3714,758
3715,1691
3716,4779
3717,2501
3718,3663
3719,4224
3720,1751
3721,3798
3722,874
3723,6964
3724,1405
3725,5593
3726,733
3727,2155
3728,5901
3729,3008
3730,5955
3731,2204
3732,5870
3733,1924
3734,634
3735,4720
3736,3228
3737,5156
3738,2208
3739,2660
3740,5221
3741,674
3742,1286
3743,6027
3744,1165
3745,5146
3746,4301
3747,588
3748,2257
3749,2000
3750,1821
3751,179
3752,1176
3753,6773
3754,4269
3755,5894
3756,4742
3757,2238
3758,1252
3759,2134
3760,3658
3761,4529
3762,6550
3763,6568
3764,2871
3765,3228
3766,2738
3767,6743
3768,992
3769,5988
3770,4120
3771,4976
3772,229
3773,5150
3774,4328
3775,2034
3776,5250
3777,4534
3778,453
3779,4728
3780,6478
3781,6314
3782,5569
3783,1228
3784,824
3785,5802
3786,3602
3787,465
3788,5926
3789,5687
3790,834
3791,6789
3792,1136
3793,4805
3794,3380
3795,633
3796,4497
3797,2006
3798,26
3799,2383
3800,5525
3801,5036
3802,5532
3803,2855
3804,4478
3805,6874
3806,3827
3807,1422
3808,2249
3809,6792
3810,811
3811,5459
3812,4309
3813,2345
3814,5503
3815,6887
3816,4276
3817,3362
3818,22
3819,3177
3820,4849
3821,4354
3822,4563
3823,6923
3824,5073
3825,808
3826,5714
3827,6156
3828,4799
3829,510
3830,758
3831,1226
3832,6728
3833,2416
3834,1712
3835,3780
3836,3093
3837,6385
3838,330
3839,2066
3840,6358
3841,2930
3842,5394
3843,210
3844,5379
3845,1895
3846,6954
3847,1256
3848,38
3849,5177
3850,1388
3851,6673
3852,1220
3853,5385
3854,1578
3855,6716
3856,6659
3857,3295
3858,2155
3859,3852
3860,3245
3861,5936
3862,722
3863,5254
3864,1387
3865,205
3866,4297
3867,1164
3868,1477
3869,2222
3870,603
3871,676
3872,4421
3873,3026
3874,4718
3875,1417
3876,1563
3877,6297
3878,6039
3879,4964
3880,3363
3881,6449
3882,1344
3883,6654
3884,4611
3885,5473
3886,1604
3887,3556
3888,480
3889,2382
3890,3699
3891,6831
3892,6873
3893,6551
3894,5937
3895,494
3896,3747
3897,4279
3898,2609
3899,6947
3900,3507
3901,638
3902,832
3903,6040
3904,2298
3905,2412
3906,4828
3907,5628
3908,3890
3909,1916
3910,4178
3911,2109
3912,783
3913,3184
3914,286
3915,6259
3916,6545
3917,5159
3918,5349
3919,3799
3920,6302
3921,504
3922,4215
3923,6830
3924,5100
3925,6953
3926,1561
3927,1943
3928,2356
3929,6632
3930,3622
3931,268
3932,2506
3933,3773
3934,2902
3935,3688
3936,6745
3937,3203
3938,4606
3939,2326
3940,2203
3941,3674
3942,4247
3943,4145
3944,2910
3945,490
3946,2475
3947,5437
3948,4579
3949,5989
3950,4993
3951,969
3952,6728
3953,865
3954,4322
3955,4136
3956,3756
3957,3344
3958,2924
3959,683
3960,3850
3961,3710
3962,5548
3963,2868
3964,815
3965,3431
3966,6496
3967,337
3968,5910
3969,1947
3970,3994
3971,452
3972,355
3973,1000
3974,5849
3975,6163
3976,4125
3977,4913
3978,4914
3979,1120
3980,5644
3981,6528
3982,6716
3983,5015
3984,4225
3985,3493
3986,5288
3987,1111
3988,4893
3989,6410
3990,3015
3991,975
3992,2962
3993,325
3994,5237
3995,6799
3996,5438
3997,3840
3998,5692
3999,4224
4000,6805
4001,4609
4002,2708
4003,5345
4004,3102
4005,5329
4006,5869
4007,3119
4008,4358
4009,524
4010,4375
4011,5104
4012,3625
4013,3164
4014,2329
4015,708
4016,2743
4017,673
4018,678
4019,1648
4020,2866
4021,4969
4022,4741
4023,4952
4024,6926
4025,1528
4026,6751
4027,3328
4028,6874
4029,5364
4030,5660
4031,3680
4032,4411
4033,3136
4034,5638
4035,5810
4036,2287
4037,3251
4038,2495
4039,2521
4040,6822
4041,5316
4042,1671
4043,6904
4044,6197
4045,2821
4046,2877
4047,5916
4048,3685
4049,5521
4050,4422
4051,3182
4052,5672
4053,2002
4054,2228
4055,6113
4056,4651
4057,5779
4058,5846
4059,6804
4060,255
4061,919
4062,5453
4063,5141
4064,6442
4065,2437
4066,222
4067,4883
4068,3266
4069,801
4070,6411
4071,6238
4072,2538
4073,3903
4074,5348
4075,1613
4076,4309
4077,1118
4078,2988
4079,555
4080,2534
4081,6159
4082,5126
4083,3326
4084,4434
4085,921
4086,6414
4087,3838
4088,6750
4089,3659
4090,2868
4091,5655
4092,1386
4093,4677
4094,6379
4095,4507
4096,4879
4097,5163
4098,839
4099,2255
4100,676
4101,638
4102,37
4103,4472
4104,6100
4105,3105
4106,5765
4107,6618
4108,4348
4109,3085
4110,1322
4111,61
4112,784
4113,6578
4114,6370
4115,1532
4116,6741
4117,4618
4118,576
4119,5515
4120,5161
4121,3987
4122,1223
4123,3700
4124,4255
4125,10
4126,89
4127,5638
4128,1454
4129,1494
4130,662
4131,2051
4132,497
4133,1136
4134,1360
4135,4325
4136,306
4137,6005
4138,6283
4139,2196
4140,3343
4141,3077
4142,2290
4143,4654
4144,6214
4145,4435
4146,3076
4147,4204
4148,5653
4149,889
4150,5798
4151,2756
4152,4402
4153,3432
4154,3410
4155,896
4156,2505
4157,4665
4158,37
4159,1331
4160,716
4161,731
4162,2461
4163,6315
4164,2052
4165,5345
4166,6577
4167,6760
4168,2198
4169,2207
4170,4612
4171,391
4172,6217
4173,5729
4174,1225
4175,6659
4176,420
4177,2960
4178,1882
4179,1193
4180,5740
4181,5858
4182,2771
4183,694
4184,2867
4185,1117
4186,3409
4187,2911
4188,6100
4189,1832
4190,2697
4191,4652
4192,1995
4193,2237
4194,6995
4195,2443
4196,2658
4197,4767
4198,436
4199,2453
4200,4493
4201,6724
4202,5155
4203,5990
4204,6135
4205,5935
4206,3411
4207,4726
4208,6694
4209,4629
4210,87
4211,5151
4212,3913
4213,3905
4214,3085
4215,4715
4216,538
4217,1182
4218,1809
4219,204
4220,3342
4221,3953
4222,2570
4223,2647
4224,3600
4225,6489
4226,1457
4227,1790
4228,5910
4229,5924
4230,4109
4231,5160
4232,964
4233,4191
4234,2500
4235,6087
4236,3309
4237,4553
4238,3100
4239,4413
4240,4264
4241,1100
4242,6328
4243,972
4244,5510
4245,4058
4246,6358
4247,689
4248,3089
4249,2640
4250,1572
4251,348
4252,2440
4253,3617
4254,891
4255,5047
4256,2504
4257,3122
4258,4460
4259,4112
4260,213
4261,2405
4262,4047
4263,93
4264,4310
4265,180
4266,5387
4267,803
4268,134
4269,4332
4270,1320
4271,2955
4272,6070
4273,6236
4274,5647
4275,2914
4276,4831
4277,5944
4278,3755
4279,1403
4280,4926
4281,1774
4282,5737
4283,5075
4284,1801
4285,2140
4286,1714
4287,4760
4288,773
4289,4196
4290,785
4291,127
4292,354
4293,2582
4294,3312
4295,3041
4296,5526
4297,5840
4298,5701
4299,1
4300,2254
4301,3916
4302,2962
4303,4100
4304,6364
4305,606
4306,2050
4307,6878
4308,5105
4309,281
4310,1287
4311,3253
4312,4563
4313,1893
4314,2377
4315,1580
4316,138
4317,3742
4318,2457
4319,1014
4320,1629
4321,2052
4322,947
4323,1125
4324,5970
4325,5443
4326,3066
4327,1198
4328,3522
4329,1927
4330,237
4331,1923
4332,1434
4333,3285
4334,1383
4335,4085
4336,6142
4337,3848
4338,1285
4339,2883
4340,6664
4341,1903
4342,3608
4343,3667
4344,3654
4345,2328
4346,6930
4347,1668
4348,562
4349,6251
4350,589
4351,2574
4352,1466
4353,6621
4354,1895
4355,190
4356,5648
4357,4104
4358,602
4359,4354
4360,5172
4361,6811
4362,4607
4363,4414
4364,2582
4365,3299
4366,5859
4367,2184
4368,4880
4369,2510
4370,1866
4371,2822
4372,3727
4373,3815
4374,3592
4375,6906
4376,2810
4377,5379
4378,783
4379,1318
4380,2474
4381,5455
4382,3850
4383,3554
4384,3282
4385,1852
4386,5927
4387,2472
4388,5385
4389,6672
4390,1347
4391,2584
4392,3682
4393,6586
4394,920
4395,5653
4396,1357
4397,1546
4398,6610
4399,6427
4400,6734
4401,1387
4402,2575
4403,5067
4404,1042
4405,1429
4406,6948
4407,540
4408,5082
4409,4211
4410,4036
4411,4168
4412,3329
4413,5446
4414,2123
4415,5536
4416,6768
4417,6180
4418,521
4419,4461
4420,2976
4421,5905
4422,6347
4423,1372
4424,1735
4425,6736
4426,1131
4427,3589
4428,5747
4429,4238
4430,6511
4431,2217
4432,988
4433,6595
4434,4007
4435,4813
4436,4319
4437,4990
4438,4728
4439,5831
4440,1300
4441,43
4442,3478
4443,227
4444,497
4445,980
4446,4910
4447,347
4448,3735
4449,2354
4450,5657
4451,2033
4452,3594
4453,3862
4454,4444
4455,6946
4456,1783
4457,5128
4458,5580
4459,4002
4460,3877
4461,2058
4462,3431
4463,2189
4464,3686
4465,651
4466,3134
4467,1633
4468,4031
4469,4316
4470,5271
4471,782
4472,523
4473,296
4474,4319
4475,3222
4476,3750
4477,3108
4478,6573
4479,4255
4480,525
4481,2712
4482,2585
4483,5386
4484,4579
4485,2946
4486,683
4487,3151
4488,4997
4489,2942
4490,6256
4491,4559
4492,375
4493,5764
4494,5958
4495,3742
4496,496
4497,6118
4498,1977
4499,6595
4500,2264
4501,2899
4502,3831
4503,6573
4504,3187
4505,5917
4506,4502
4507,2291
4508,6045
4509,1068
4510,5653
4511,3648
4512,3556
4513,5581
4514,6343
4515,5730
4516,4190
4517,6354
4518,3244
4519,3957
4520,6303
4521,5031
4522,5185
4523,5097
4524,2380
4525,6382
4526,1640
4527,4901
4528,1646
4529,4672
4530,3987
4531,2702
4532,6630
4533,6209
4534,4442
4535,2784
4536,831
4537,479
4538,5924
4539,5239
4540,5786
4541,6030
4542,2658
4543,730
4544,4626
4545,5946
4546,2870
4547,2997
4548,3983
4549,4203
4550,426
4551,3498
4552,6960
4553,3734
4554,2262
4555,5060
4556,2409
4557,2166
4558,2137
4559,703
4560,1685
4561,5846
4562,5432
4563,4607
4564,5164
4565,4049
4566,2181
4567,3347
4568,5349
4569,1104
4570,1967
4571,5981
4572,1576
4573,5576
4574,4807
4575,3450
4576,2178
4577,365
4578,5466
4579,249
4580,6963
4581,3119
4582,802
4583,1161
4584,2044
4585,4144
4586,1024
4587,6347
4588,913
4589,86
4590,5124
4591,4617
4592,6479
4593,4851
4594,5901
4595,6177
4596,1007
4597,6831
4598,1204
4599,643
4600,2096
4601,5407
4602,5162
4603,3243
4604,803
4605,4564
4606,5665
4607,3626
4608,1136
4609,3394
4610,4800
4611,3088
4612,6318
4613,4051
4614,1545
4615,2910
4616,3071
4617,5400
4618,156
4619,5027
4620,2233
4621,6899
4622,5294
4623,2229
4624,4577
4625,420
4626,1509
4627,6154
4628,1763
4629,2494
4630,5282
4631,2210
4632,1948
4633,4605
4634,4041
4635,5506
4636,2416
4637,4543
4638,2372
4639,1848
4640,1599
4641,4708
4642,3067
4643,726
4644,5323
4645,1411
4646,3272
4647,3837
4648,4109
4649,914
4650,3127
4651,3216
4652,5413
4653,6289
4654,6683
4655,6225
4656,2399
4657,5020
4658,820
4659,548
4660,3178
4661,4804
4662,3068
4663,2774
4664,1517
4665,4472
4666,5544
4667,3401
4668,5827
4669,2389
4670,4412
4671,1087
4672,1101
4673,1695
4674,535
4675,2760
4676,2662
4677,5915
4678,1894
4679,2363
4680,258
4681,5203
4682,1428
4683,4709
4684,5295
4685,6932
4686,5391
4687,1624
4688,6070
4689,4216
4690,2470
4691,3187
4692,5083
4693,2419
4694,206
4695,3658
4696,2591
4697,4236
4698,4900
4699,6858
4700,4415
4701,4298
4702,4685
4703,4323
4704,6541
4705,5272
4706,6649
4707,5002
4708,5508
4709,3815
4710,1798
4711,6834
4712,2394
4713,2774
4714,2832
4715,5431
4716,4190
4717,4936
4718,1054
4719,2718
4720,1800
4721,4515
4722,4968
4723,652
4724,2712
4725,6160
4726,6820
4727,2330
4728,3862
4729,2420
4730,952
4731,4298
4732,49
4733,3194
4734,762
4735,1889
4736,6515
4737,3690
4738,4276
4739,2320
4740,5185
4741,4530
4742,1683
4743,6424
4744,41
4745,3272
4746,3542
4747,745
4748,4108
4749,4721
4750,3691
4751,1216
4752,27
4753,473
4754,2973
4755,3651
4756,2349
4757,1399
4758,4498
4759,1154
4760,1174
4761,756
4762,2537
4763,1532
4764,5612
4765,1008
4766,6448
4767,5579
4768,2323
4769,2866
4770,5292
4771,5069
4772,6128
4773,3674
4774,618
4775,4608
4776,4507
4777,3548
4778,3842
4779,2529
4780,4277
4781,4403
4782,435
4783,5080
4784,153
4785,767
4786,3273
4787,252
4788,1583
4789,6588
4790,4115
4791,6879
4792,2819
4793,1161
4794,6137
4795,3693
4796,253
4797,4210
4798,1523
4799,23
4800,3537
4801,5586
4802,6533
4803,1702
4804,5134
4805,3065
4806,4919
4807,3518
4808,3444
4809,3766
4810,3216
4811,1401
4812,6286
4813,2729
4814,5042
4815,6228
4816,879
4817,3984
4818,184
4819,1386
4820,3890
4821,3803
4822,1988
4823,4315
4824,5113
4825,6838
4826,4886
4827,4049
4828,3175
4829,259
4830,5735
4831,2111
4832,137
4833,2353
4834,5676
4835,262
4836,254
4837,253
4838,197
4839,6414
4840,3432
4841,3659
4842,3205
4843,773
4844,2739
4845,3057
4846,5988
4847,4679
4848,3418
4849,3680
4850,2239
4851,322
4852,5409
4853,1352
4854,5865
4855,6644
4856,6092
4857,3207
4858,1011
4859,5323
4860,2911
4861,1718
4862,2440
4863,2321
4864,1743
4865,6097
4866,1667
4867,1299
4868,1629
4869,1912
4870,1049
4871,916
4872,5171
4873,5886
4874,2211
4875,410
4876,5135
4877,3693
4878,6236
4879,5453
4880,1253
4881,4452
4882,1465
4883,1703
4884,528
4885,6231
4886,1822
4887,4613
4888,2009
4889,4257
4890,5165
4891,1552
4892,2488
4893,1481
4894,6729
4895,464
4896,6695
4897,4126
4898,4017
4899,1422
4900,2727
4901,4103
4902,448
4903,2933
4904,5217
4905,5420
4906,145
4907,4692
4908,4190
4909,987
4910,6999
4911,2682
4912,1771
4913,5976
4914,1138
4915,2207
4916,4124
4917,1884
4918,5367
4919,2010
4920,1706
4921,5312
4922,5143
4923,20
4924,5023
4925,6814
4926,4207
4927,328
4928,765
4929,300
4930,3167
4931,4342
4932,4590
4933,3222
4934,3588
4935,2827
4936,5807
4937,3624
4938,5968
4939,2151
4940,5510
4941,1853
4942,6169
4943,6650
4944,5682
4945,710
4946,127
4947,467
4948,5017
4949,1738
4950,5207
4951,6975
4952,5812
4953,4630
4954,6061
4955,5803
4956,4911
4957,1354
4958,958
4959,6622
4960,3197
4961,4136
4962,6675
4963,669
4964,4481
4965,2938
4966,5329
4967,3692
4968,3927
4969,4006
4970,1734
4971,6414
4972,2992
4973,4976
4974,2798
4975,922
4976,6188
4977,6924
4978,1467
4979,3274
4980,394
4981,2471
4982,6747
4983,5344
4984,3443
4985,4074
4986,4347
4987,2504
4988,1741
4989,5033
4990,6402
4991,6340
4992,6363
4993,2494
4994,1472
4995,5720
4996,2706
4997,932
4998,629
4999,3859
5000,3998
5001,131
5002,6214
5003,2958
5004,5466
5005,2040
5006,1673
5007,1988
5008,4415
5009,5086
5010,1178
5011,2382
5012,5548
5013,4157
5014,3615
5015,5426
5016,3908
5017,1597
5018,654
5019,4951
5020,3157
5021,5007
5022,5510
5023,5792
5024,2284
5025,784
5026,6154
5027,1386
5028,6381
5029,579
5030,4602
5031,5108
5032,2984
5033,3274
5034,4380
5035,26
5036,3888
5037,4577
5038,688
5039,190
5040,2590
5041,1519
5042,2257
5043,3596
5044,3058
5045,3561
5046,4086
5047,6920
5048,3625
5049,3109
5050,1825
5051,4974
5052,4090
5053,4000
5054,4855
5055,5693
5056,2650
5057,1173
5058,2430
5059,3537
5060,1071
5061,5826
5062,949
5063,4283
5064,3650
5065,2464
5066,892
5067,1063
5068,3117
5069,2495
5070,4205
5071,323
5072,1364
5073,6963
5074,1906
5075,2063
5076,4825
5077,6440
5078,1246
5079,6453
5080,1103
5081,5917
5082,488
5083,2007
5084,2056
5085,1704
5086,1793
5087,5623
5088,234
5089,534
5090,295
5091,766
5092,5612
5093,1661
5094,3306
5095,4733
5096,1766
5097,1912
5098,3379
5099,1849
5100,4670
5101,5742
5102,3149
5103,1223
5104,1007
5105,3735
5106,355
5107,4540
5108,3420
5109,3148
5110,2577
5111,5967
5112,3315
5113,3426
5114,3871
5115,3966
5116,1300
5117,1467
5118,816
5119,5202
5120,3632
5121,3169
5122,537
5123,3344
5124,799
5125,1031
5126,2588
5127,3972
5128,4874
5129,6718
5130,892
5131,1852
5132,3343
5133,425
5134,3795
5135,3518
5136,674
5137,6566
5138,6560
5139,6391
5140,2232
5141,4506
5142,3108
5143,4177
5144,5591
5145,4183
5146,6555
5147,2840
5148,3818
5149,2812
5150,6576
5151,3218
5152,4505
5153,4274
5154,5448
5155,4377
5156,2740
5157,6398
5158,3985
5159,3822
5160,3416
5161,2727
5162,5340
5163,6803
5164,1402
5165,2830
5166,949
5167,3468
5168,5905
5169,1933
5170,2675
5171,2867
5172,3224
5173,1430
5174,6819
5175,720
5176,4921
5177,473
5178,6783
5179,1529
5180,4173
5181,3545
5182,3908
5183,3700
5184,5855
5185,1403
5186,4625
5187,3878
5188,2128
5189,852
5190,643
5191,3950
5192,2949
5193,2895
5194,6741
5195,1211
5196,4118
5197,3295
5198,1917
5199,1734
5200,1848
5201,6991
5202,3994
5203,6406
5204,3489
5205,3356
5206,1065
5207,2486
5208,3411
5209,6499
5210,4543
5211,6125
5212,5434
5213,4908
5214,2513
5215,2714
5216,6639
5217,3755
5218,3679
5219,2178
5220,2583
5221,2759
5222,5231
5223,112
5224,4558
5225,5328
5226,6981
5227,4615
5228,3149
5229,4770
5230,3000
5231,6359
5232,3762
5233,4536
5234,5184
5235,3793
5236,1063
5237,3079
5238,1212
5239,5937
5240,691
5241,4689
5242,3856
5243,4551
5244,4476
5245,219
5246,6003
5247,3114
5248,3526
5249,5491
5250,4574
5251,818
5252,3804
5253,4849
5254,4561
5255,40
5256,4917
5257,616
5258,5216
5259,1668
5260,6163
5261,6857
5262,2018
5263,2442
5264,6845
5265,221
5266,4586
5267,6947
5268,2349
5269,4501
5270,982
5271,4491
5272,4291
5273,1312
5274,5349
5275,5052
5276,3887
5277,6088
5278,2478
5279,6231
5280,2334
5281,6833
5282,1635
5283,6266
5284,4148
5285,5415
5286,2548
5287,2210
5288,1696
5289,6235
5290,2368
5291,1366
5292,5133
5293,5073
5294,814
5295,789
5296,1980
5297,5553
5298,2978
5299,6670
5300,4935
5301,3081
5302,2668
5303,6530
5304,25
5305,1379
5306,762
5307,1816
5308,1185
5309,696
5310,2061
5311,3885
5312,1981
5313,1081
5314,3529
5315,6109
5316,3066
5317,5493
5318,53
5319,1539
5320,4602
5321,3060
5322,4211
5323,3216
5324,6743
5325,6726
5326,1802
5327,6132
5328,4331
5329,1633
5330,2646
5331,910
5332,4722
5333,5550
5334,1297
5335,2785
5336,879
5337,4511
5338,3907
5339,3670
5340,3499
5341,3783
5342,4205
5343,3920
5344,581
5345,2973
5346,164
5347,304
5348,6323
5349,143
5350,5720
5351,2789
5352,1638
5353,735
5354,1716
5355,1167
5356,6588
5357,5636
5358,1480
5359,6625
5360,5582
5361,4248
5362,4562
5363,2817
5364,5314
5365,817
5366,235
5367,6213
5368,3499
5369,6735
5370,5613
5371,5803
5372,1412
5373,505
5374,3826
5375,5348
5376,5284
5377,2876
5378,4376
5379,3375
5380,1554
5381,5721
5382,4329
5383,5854
5384,5730
5385,3257
5386,879
5387,3271
5388,3728
5389,1479
5390,2589
5391,1737
5392,4297
5393,539
5394,568
5395,121
5396,6498
5397,2111
5398,4756
5399,3608
5400,2760
5401,543
5402,3715
5403,5258
5404,4014
5405,6250
5406,4392
5407,3798
5408,4852
5409,4479
5410,2010
5411,5557
5412,1884
5413,2542
5414,1740
5415,2913
5416,1129
5417,117
5418,2393
5419,1884
5420,1032
5421,4635
5422,4885
5423,4297
5424,4000
5425,5372
5426,1334
5427,82
5428,1046
5429,2090
5430,2985
5431,6944
5432,761
5433,1884
5434,921
5435,3161
5436,6061
5437,5966
5438,4195
5439,497
5440,5571
5441,3852
5442,2901
5443,823
5444,2365
5445,3412
5446,2180
5447,3650
5448,78
5449,6551
5450,1269
5451,1785
5452,1984
5453,4700
5454,1123
5455,1284
5456,5192
5457,1402
5458,6711
5459,410
5460,2251
5461,5255
5462,6342
5463,2447
5464,3916
5465,6929
5466,2244
5467,1898
5468,2358
5469,1912
5470,3574
5471,2209
5472,4363
5473,359
5474,1957
5475,5441
5476,6175
5477,261
5478,4055
5479,1405
5480,2855
5481,4108
5482,5367
5483,1874
5484,4059
5485,4334
5486,1980
5487,2486
5488,5195
5489,3366
5490,5047
5491,2795
5492,3541
5493,3970
5494,2055
5495,3755
5496,5564
5497,6795
5498,543
5499,5497
5500,4988
5501,6110
5502,5382
5503,6538
5504,4418
5505,5107
5506,1031
5507,3598
5508,2241
5509,4119
5510,5279
5511,3143
5512,4879
5513,320
5514,2931
5515,157
5516,6550
5517,3716
5518,1108
5519,6843
5520,6310
5521,6078
5522,4019
5523,665
5524,3831
5525,4543
5526,6239
5527,2623
5528,1517
5529,2613
5530,990
5531,2667
5532,2964
5533,3674
5534,6695
5535,3536
5536,195
5537,2380
5538,293
5539,675
5540,6181
5541,4244
5542,80
5543,4890
5544,6146
5545,2878
5546,1622
5547,2060
5548,3028
5549,2860
5550,719
5551,655
5552,5317
5553,3118
5554,5470
5555,5202
5556,5438
5557,4106
5558,467
5559,3079
5560,4946
5561,3444
5562,2997
5563,6564
5564,2482
5565,3682
5566,4765
5567,6959
5568,3417
5569,4895
5570,5758
5571,6988
5572,5751
5573,1482
5574,6144
5575,3940
5576,5675
5577,546
5578,5203
5579,1339
5580,6610
5581,2008
5582,1897
5583,238
5584,3396
5585,5745
5586,6844
5587,3384
5588,2245
5589,6014
5590,6943
5591,5360
5592,3201
5593,2594
5594,3657
5595,984
5596,4297
5597,2088
5598,6515
5599,4196
5600,4970
5601,2631
5602,2891
5603,2420
5604,5380
5605,4483
5606,4513
5607,6096
5608,744
5609,3296
5610,6487
5611,80
5612,1027
5613,4949
5614,4549
5615,1389
5616,416
5617,2931
5618,1314
5619,2543
5620,1729
5621,993
5622,4591
5623,3284
5624,3445
5625,5838
5626,4053
5627,4578
5628,3245
5629,6825
5630,631
5631,1489
5632,665
5633,8
5634,6730
5635,5768
5636,2248
5637,2908
5638,3672
5639,810
5640,4612
5641,6885
5642,2876
5643,6573
5644,740
5645,5471
5646,5384
5647,535
5648,2267
5649,1257
5650,3923
5651,5244
5652,5829
5653,4390
5654,398
5655,3305
5656,5098
5657,6809
5658,2085
5659,4791
5660,1699
5661,2194
5662,3003
5663,2412
5664,2858
5665,2823
5666,2790
5667,4843
5668,4702
5669,6033
5670,4665
5671,5718
5672,5851
5673,4173
5674,168
5675,4182
5676,5448
5677,6434
5678,1174
5679,3864
5680,458
5681,6870
5682,3779
5683,2371
5684,2790
5685,3752
5686,137
5687,3641
5688,3396
5689,1825
5690,2166
5691,5282
5692,5055
5693,4373
5694,6492
5695,6520
5696,2809
5697,1583
5698,1179
5699,179
5700,1331
5701,2334
5702,3168
5703,1881
5704,465
5705,1658
5706,3950
5707,256
5708,6700
5709,4762
5710,4987
5711,676
5712,4289
5713,6718
5714,5078
5715,4192
5716,2792
5717,532
5718,2284
5719,962
5720,6583
5721,2586
5722,258
5723,3608
5724,5804
5725,5159
5726,1213
5727,849
5728,5721
5729,4493
5730,4397
5731,3138
5732,5850
5733,5294
5734,5360
5735,2549
5736,610
5737,283
5738,3611
5739,1559
5740,715
5741,3571
5742,1875
5743,6063
5744,5565
5745,6494
5746,6657
5747,1094
5748,1494
5749,2983
5750,6907
5751,4631
5752,1559
5753,6183
5754,5480
5755,1037
5756,4511
5757,947
5758,4900
5759,2243
5760,824
5761,60
5762,6041
5763,1388
5764,6871
5765,6375
5766,3750
5767,3752
5768,6754
5769,6977
5770,5241
5771,4863
5772,2026
5773,3273
5774,4361
5775,1981
5776,1368
5777,6554
5778,1135
5779,5426
5780,3076
5781,6475
5782,5570
5783,1501
5784,2768
5785,3292
5786,5057
5787,1844
5788,2147
5789,943
5790,3915
5791,6451
5792,3945
5793,2833
5794,1954
5795,4966
5796,6728
5797,1908
5798,2742
5799,109
5800,2029
5801,6130
5802,2854
5803,3355
5804,2797
5805,1648
5806,4442
5807,6667
5808,1968
5809,2380
5810,5292
5811,2768
5812,1655
5813,2013
5814,6444
5815,6030
5816,3766
5817,5542
5818,2555
5819,3114
5820,3981
5821,2374
5822,1399
5823,3363
5824,128
5825,2463
5826,4468
5827,4460
5828,4710
5829,5856
5830,4916
5831,2408
5832,1599
5833,2674
5834,4550
5835,4040
5836,5423
5837,4299
5838,3442
5839,5371
5840,2007
5841,4955
5842,5980
5843,1715
5844,2323
5845,1113
5846,6383
5847,4952
5848,4085
5849,1136
5850,4384
5851,1835
5852,6752
5853,171
5854,6531
5855,4601
5856,4521
5857,4602
5858,5908
5859,3546
5860,6944
5861,1801
5862,4292
5863,2357
5864,292
5865,859
5866,771
5867,4586
5868,3644
5869,3784
5870,6676
5871,739
5872,11
5873,1088
5874,2916
5875,5576
5876,6619
5877,2227
5878,5012
5879,501
5880,4609
5881,6470
5882,2191
5883,5554
5884,3825
5885,6420
5886,2461
5887,2536
5888,5528
5889,479
5890,1365
5891,1475
5892,152
5893,5841
5894,6713
5895,4560
5896,6657
5897,1308
5898,3795
5899,644
5900,6289
5901,3361
5902,5158
5903,3390
5904,470
5905,833
5906,6359
5907,6154
5908,6795
5909,3998
5910,2682
5911,4195
5912,2007
5913,4765
5914,2857
5915,1869
5916,5979
5917,2859
5918,6703
5919,492
5920,881
5921,3897
5922,5203
5923,5268
5924,4466
5925,3261
5926,2160
5927,3206
5928,3096
5929,726
5930,5841
5931,1619
5932,1586
5933,5828
5934,3090
5935,5552
5936,6174
5937,3097
5938,6433
5939,4630
5940,6936
5941,5840
5942,4484
5943,6397
5944,4265
5945,3761
5946,3868
5947,1285
5948,347
5949,4566
5950,5206
5951,6369
5952,1864
5953,269
5954,1779
5955,376
5956,3483
5957,4633
5958,3533
5959,1385
5960,3206
5961,6863
5962,2362
5963,5962
5964,50
5965,2323
5966,5533
5967,6901
5968,669
5969,1037
5970,2519
5971,2120
5972,3686
5973,860
5974,365
5975,5392
5976,452
5977,2004
5978,5699
5979,2401
5980,2172
5981,5223
5982,646
5983,5107
5984,865
5985,5830
5986,2831
5987,420
5988,6894
5989,3865
5990,6716
5991,6535
5992,5303
5993,6947
5994,6416
5995,1567
5996,2998
5997,6811
5998,3043
5999,5098
6000,65
6001,6304
6002,4284
6003,1444
6004,4424
6005,4349
6006,2786
6007,4878
6008,1708
6009,4389
6010,2858
6011,2267
6012,67
6013,3683
6014,6275
6015,6391
6016,2433
6017,1424
6018,6557
6019,1676
6020,2296
6021,6689
6022,5760
6023,3987
6024,5504
6025,173
6026,5057
6027,4387
6028,2337
6029,2944
6030,6167
6031,5233
6032,4149
6033,2775
6034,5012
6035,6389
6036,5811
6037,1977
6038,1055
6039,972
6040,6574
6041,3037
6042,606
6043,2663
6044,3740
6045,2174
6046,5296
6047,1008
6048,1194
6049,3528
6050,2241
6051,2820
6052,2293
6053,1965
6054,6351
6055,5401
6056,643
6057,3345
6058,5377
6059,1645
6060,760
6061,5838
6062,4455
6063,6272
6064,6620
6065,3133
6066,5644
6067,5496
6068,2018
6069,890
6070,1208
6071,3647
6072,1604
6073,6682
6074,5786
6075,6323
6076,738
6077,2924
6078,4315
6079,6817
6080,1153
6081,4545
6082,4269
6083,2071
6084,6888
6085,3793
6086,3387
6087,4365
6088,1749
6089,251
6090,6282
6091,1943
6092,4198
6093,4641
6094,5389
6095,6402
6096,4740
6097,118
6098,3926
6099,2912
6100,6682
6101,1469
6102,6976
6103,1714
6104,3803
6105,3799
6106,6818
6107,3945
6108,4681
6109,1601
6110,1790
6111,1248
6112,4738
6113,6639
6114,3063
6115,3410
6116,3285
6117,3905
6118,5848
6119,820
6120,4243
6121,969
6122,162
6123,1686
6124,5160
6125,1661
6126,1822
6127,3731
6128,3752
6129,2855
6130,2872
6131,474
6132,302
6133,102
6134,3428
6135,1785
6136,5160
6137,2993
6138,2914
6139,2813
6140,6086
6141,4520
6142,4029
6143,345
6144,4817
6145,1079
6146,6682
6147,1320
6148,1105
6149,1680
6150,6484
6151,2648
6152,6911
6153,2900
6154,4516
6155,1653
6156,569
6157,3989
6158,2685
6159,5487
6160,4836
6161,3787
6162,3622
6163,5282
6164,139
6165,1145
6166,4680
6167,6608
6168,2701
6169,5803
6170,1455
6171,5725
6172,677
6173,3503
6174,2726
6175,3342
6176,4931
6177,4045
6178,5403
6179,6774
6180,5120
6181,1572
6182,2369
6183,743
6184,1798
6185,5562
6186,3716
6187,617
6188,118
6189,631
6190,6568
6191,5139
6192,6187
6193,2879
6194,4186
6195,427
6196,3540
6197,6370
6198,4000
6199,6659
6200,3488
6201,3802
6202,4236
6203,6347
6204,5417
6205,608
6206,2491
6207,4148
6208,5786
6209,5020
6210,2565
6211,6336
6212,4109
6213,4151
6214,5701
6215,6940
6216,3221
6217,5046
6218,3607
6219,134
6220,1194
6221,2422
6222,6793
6223,2625
6224,867
6225,4238
6226,6618
6227,3458
6228,2486
6229,725
6230,2744
6231,591
6232,1235
6233,6297
6234,4822
6235,3187
6236,1255
6237,929
6238,5585
6239,4944
6240,2563
6241,1352
6242,5092
6243,1857
6244,5828
6245,5438
6246,6698
6247,6779
6248,3990
6249,4765
6250,6824
6251,1320
6252,2378
6253,6917
6254,2365
6255,847
6256,5943
6257,3596
6258,6225
6259,1531
6260,4380
6261,1862
6262,5443
6263,6990
6264,2228
6265,4916
6266,3527
6267,3514
6268,1122
6269,3796
6270,5772
6271,3797
6272,6947
6273,2917
6274,636
6275,6942
6276,3155
6277,5926
6278,6204
6279,2376
6280,6527
6281,6634
6282,3139
6283,3730
6284,922
6285,4313
6286,4656
6287,4208
6288,1939
6289,4974
6290,564
6291,1170
6292,707
6293,2104
6294,4614
6295,6998
6296,1101
6297,1912
6298,1157
6299,3124
6300,6054
6301,1398
6302,5408
6303,4639
6304,3908
6305,2432
6306,2041
6307,651
6308,4875
6309,1401
6310,6641
6311,4935
6312,474
6313,4353
6314,6341
6315,5113
6316,3445
6317,278
6318,13
6319,784
6320,5931
6321,2087
6322,6013
6323,306
6324,5119
6325,6537
6326,1717
6327,6882
6328,5732
6329,4288
6330,6963
6331,2597
6332,1809
6333,5516
6334,5320
6335,3722
6336,756
6337,2517
6338,5784
6339,6731
6340,883
6341,2764
6342,2651
6343,6501
6344,3853
6345,3847
6346,193
6347,3448
6348,3207
6349,4337
6350,2522
6351,3699
6352,1595
6353,6348
6354,4650
6355,1519
6356,5723
6357,2699
6358,1188
6359,2526
6360,3475
6361,1057
6362,766
6363,920
6364,2708
6365,4664
6366,1090
6367,4858
6368,157
6369,2927
6370,4676
6371,2387
6372,140
6373,1883
6374,1807
6375,5220
6376,1715
6377,3616
6378,3763
6379,436
6380,4653
6381,348
6382,1753
6383,437
6384,1015
6385,5552
6386,6535
6387,5263
6388,2115
6389,3124
6390,2030
6391,2766
6392,2624
6393,4502
6394,2000
6395,6306
6396,5638
6397,2711
6398,6416
6399,363
6400,2613
6401,4426
6402,1954
6403,1759
6404,5517
6405,6553
6406,3009
6407,2090
6408,4335
6409,5654
6410,2887
6411,457
6412,4883
6413,6836
6414,2951
6415,2419
6416,2979
6417,4159
6418,5406
6419,2100
6420,5429
6421,6054
6422,5424
6423,6103
6424,5566
6425,5331
6426,2111
6427,3743
6428,6393
6429,197
6430,1535
6431,1786
6432,1958
6433,4419
6434,6220
6435,2810
6436,1984
6437,3148
6438,3237
6439,506
6440,1967
6441,3119
6442,3466
6443,3978
6444,636
6445,1932
6446,2503
6447,2327
6448,739
6449,2782
6450,5333
6451,3002
6452,6586
6453,5542
6454,5134
6455,4851
6456,4752
6457,1301
6458,2927
6459,2370
6460,3569
6461,2069
6462,482
6463,6817
6464,5966
6465,4685
6466,536
6467,4873
6468,5033
6469,3311
6470,1350
6471,1704
6472,4310
6473,1023
6474,1023
6475,1548
6476,76
6477,6650
6478,3623
6479,4831
6480,4315
6481,4577
6482,935
6483,183
6484,4240
6485,1840
6486,5100
6487,3024
6488,4780
6489,4799
6490,3898
6491,2888
6492,475
6493,1237
6494,830
6495,4454
6496,2680
6497,3116
6498,6250
6499,3488
6500,2517
6501,4341
6502,6593
6503,3952
6504,767
6505,1561
6506,210
6507,67
6508,6161
6509,233
6510,3649
6511,6870
6512,3855
6513,6826
6514,1504
6515,3629
6516,2251
6517,56
6518,2422
6519,3945
6520,869
6521,3014
6522,1102
6523,2212
6524,4986
6525,6888
6526,1960
6527,2044
6528,2735
6529,5317
6530,1028
6531,5770
6532,1535
6533,3740
6534,4794
6535,2743
6536,2960
6537,3937
6538,2983
6539,4810
6540,268
6541,3668
6542,4522
6543,4040
6544,6948
6545,3911
6546,4533
6547,1360
6548,3086
6549,3050
6550,2063
6551,2706
6552,863
6553,4525
6554,750
6555,851
6556,1891
6557,753
6558,4170
6559,527
6560,1881
6561,2795
6562,6748
6563,5852
6564,732
6565,270
6566,973
6567,3807
6568,2908
6569,3060
6570,3203
6571,4974
6572,5828
6573,2857
6574,566
6575,6321
6576,6580
6577,5932
6578,3121
6579,4670
6580,5950
6581,1874
6582,6228
6583,5487
6584,221
6585,257
6586,1334
6587,3249
6588,362
6589,1718
6590,6144
6591,452
6592,3777
6593,6963
6594,1301
6595,1666
6596,4248
6597,4352
6598,4885
6599,1766
6600,5343
6601,5381
6602,5721
6603,5971
6604,3682
6605,2474
6606,6273
6607,70
6608,3756
6609,2308
6610,1808
6611,800
6612,3294
6613,2820
6614,5937
6615,940
6616,4885
6617,1020
6618,6171
6619,610
6620,3026
6621,4257
6622,5200
6623,461
6624,3290
6625,6600
6626,2539
6627,5095
6628,5358
6629,4511
6630,3680
6631,3191
6632,1989
6633,1425
6634,429
6635,2244
6636,677
6637,1972
6638,3878
6639,6761
6640,3704
6641,2331
6642,4807
6643,77
6644,411
6645,2827
6646,1570
6647,1382
6648,890
6649,1717
6650,6464
6651,6097
6652,1351
6653,6871
6654,236
6655,1576
6656,6426
6657,2311
6658,6027
6659,5120
6660,1362
6661,6909
6662,5952
6663,2430
6664,5210
6665,5587
6666,3372
6667,1190
6668,2758
6669,4668
6670,386
6671,2480
6672,908
6673,454
6674,361
6675,4471
6676,3704
6677,2445
6678,5370
6679,6527
6680,3448
6681,365
6682,3289
6683,51
6684,3502
6685,5348
6686,6177
6687,4520
6688,5452
6689,3978
6690,2224
6691,3033
6692,105
6693,2183
6694,3098
6695,6775
6696,922
6697,6087
6698,4185
6699,5005
6700,3764
6701,36
6702,3049
6703,4918
6704,1861
6705,1120
6706,5282
6707,3267
6708,2338
6709,6500
6710,5567
6711,2613
6712,3019
6713,3202
6714,1043
6715,2691
6716,4691
6717,2428
6718,3003
6719,6785
6720,2956
6721,4200
6722,3182
6723,2533
6724,4207
6725,2713
6726,361
6727,2279
6728,1745
6729,1490
6730,1416
6731,3524
6732,1129
6733,1801
6734,1943
6735,5415
6736,4101
6737,6741
6738,1190
6739,3869
6740,1620
6741,2734
6742,2507
6743,2299
6744,311
6745,1368
6746,5753
6747,1782
6748,2297
6749,3299
6750,1086
6751,6167
6752,6990
6753,5898
6754,6026
6755,2473
6756,351
6757,3414
6758,6995
6759,2208
6760,2011
6761,5079
6762,3581
6763,5584
6764,6649
6765,1527
6766,2871
6767,975
6768,5218
6769,4106
6770,3762
6771,592
6772,763
6773,973
6774,6594
6775,3605
6776,5624
6777,6490
6778,6207
6779,1728
6780,3061
6781,4973
6782,3653
6783,838
6784,6477
6785,4343
6786,2647
6787,3497
6788,4622
6789,1228
6790,6058
6791,2856
6792,2732
6793,5451
6794,4581
6795,4949
6796,561
6797,5817
6798,6255
6799,2802
6800,1246
6801,4746
6802,5145
6803,4713
6804,4971
6805,1086
6806,5706
6807,6279
6808,3010
6809,3564
6810,1945
6811,4444
6812,1058
6813,1774
6814,2317
6815,5146
6816,1319
6817,3496
6818,4313
6819,3904
6820,1263
6821,6054
6822,627
6823,42
6824,3520
6825,1849
6826,4315
6827,646
6828,36
6829,557
6830,6641
6831,3869
6832,4622
6833,2570
6834,6623
6835,203
6836,1959
6837,3125
6838,349
6839,3958
6840,5537
6841,2843
6842,828
6843,1551
6844,917
6845,2481
6846,6322
6847,5768
6848,279
6849,2083
6850,4476
6851,5059
6852,2951
6853,1791
6854,2938
6855,3970
6856,4299
6857,5941
6858,3659
6859,6352
6860,6111
6861,3110
6862,1962
6863,6818
6864,3479
6865,6269
6866,5800
6867,5556
6868,4211
6869,5838
6870,3953
6871,5940
6872,6313
6873,3906
6874,5003
6875,3341
6876,5577
6877,1348
6878,3264
6879,6995
6880,6033
6881,4339
6882,565
6883,5445
6884,897
6885,605
6886,1754
6887,4852
6888,4801
6889,3116
6890,3586
6891,3518
6892,2790
6893,2967
6894,1653
6895,679
6896,5011
6897,6584
6898,1385
6899,5110
6900,1556
6901,1021
6902,5712
6903,5631
6904,4910
6905,4445
6906,5802
6907,1122
6908,5771
6909,122
6910,826
6911,6911
6912,1665
6913,1997
6914,6382
6915,2955
6916,5242
6917,5106
6918,2265
6919,1980
6920,2318
6921,3385
6922,3995
6923,6326
6924,5596
6925,190
6926,4984
6927,375
6928,320
6929,4342
6930,5845
6931,5005
6932,5774
6933,2406
6934,2990
6935,5074
6936,1069
6937,5233
6938,1853
6939,4929
6940,5750
6941,3238
6942,6230
6943,464
6944,6251
6945,4788
6946,4310
6947,3601
6948,5557
6949,4355
6950,2385
6951,2287
6952,110
6953,3753
6954,1394
6955,3025
6956,750
6957,5517
6958,3021
6959,5342
6960,3488
6961,5707
6962,4905
6963,2158
6964,988
6965,573
6966,5745
6967,6209
6968,4576
6969,4746
6970,193
6971,5726
6972,2495
6973,1021
6974,3270
6975,6314
6976,3244
6977,5293
6978,2182
6979,1755
6980,4415
6981,188
6982,4519
6983,999
6984,4029
6985,2727
6986,2179
6987,982
6988,4159
6989,2809
6990,4737
6991,1649
6992,3617
6993,444
6994,23
6995,5397
6996,4443
6997,453
6998,1907
6999,5632
