0,5132
1,7138
2,817
3,7215
4,1169
5,403
6,5143
7,3745
8,6774
9,5139
10,7788
11,5036
12,1123
13,6305
14,206
15,3602
16,7024
17,2223
18,1635
19,2527
20,2331
21,7158
22,4584
23,6866
24,1910
25,3316
26,7717
27,2214
28,3486
29,4804
30,3329
31,3963
32,4261
33,5656
34,5234
35,4774
36,7889
37,4948
38,972
39,7890
40,2110
41,5066
42,6395
43,3857
44,286
45,7630
46,6988
47,835
48,1505
49,2038
50,6309
51,2977
52,624
53,624
54,1557
55,4391
56,6418
57,4224
58,7046
59,3548
60,7922
61,1620
62,1743
63,127
64,1336
65,3909
66,6822
67,5775
68,1555
69,1452
70,5235
71,1719
72,2200
73,6047
74,5247
75,2965
76,772
77,7303
78,1099
79,998
80,7837
81,3231
82,573
83,1871
84,55
85,7755
86,2550
87,6922
88,3027
89,4883
90,2815
91,7723
92,994
93,1338
94,1633
95,7182
96,4647
97,127
98,6291
99,7328
100,4346
101,495
102,6606
103,1350
104,4904
105,1637
106,573
107,109
108,1208
109,6368
110,3088
111,6831
112,6857
113,3263
114,7856
115,5151
116,1943
117,4379
118,3853
119,1393
120,5148
121,1
122,6418
123,713
124,147
125,7755
126,2362
127,1182
128,2647
129,1625
130,2364
131,1035
132,5226
133,2865
134,6690
135,7410
136,7314
137,3313
138,5432
139,1293
140,4830
141,4909
142,2911
143,7571
144,5639
145,745
146,1409
147,2370
148,1969
149,2420
150,4639
151,4943
152,657
153,1887
154,4869
155,6312
156,936
157,6489
158,31
159,1762
160,1645
161,6120
162,5158
163,4484
164,5704
165,5638
166,947
167,7535
168,1467
169,4630
170,372
171,744
172,2971
173,1473
174,892
175,4228
176,1468
177,6706
178,2100
179,5615
180,6316
181,3690
182,7535
183,7512
184,2005
185,960
186,1116
187,7997
188,7622
189,2873
190,7124
191,1870
192,5259
193,7871
194,4307
195,3457
196,6008
197,3778
198,3204
199,6706
200,6085
201,4072
202,1461
203,5236
204,787
205,6002
206,4330
207,5880
208,5645
209,2412
210,7629
211,7576
212,170
213,464
214,4547
215,7425
216,5646
217,5049
218,2777
219,7931
220,5008
221,7679
222,3293
223,4119
224,278
225,3059
226,3082
227,6324
228,2333
229,3448
230,3483
231,3821
232,4181
233,1020
234,4352
235,1762
236,7977
237,1746
238,2158
239,6882
240,2140
241,3950
242,529
243,6386
244,1167
245,7868
246,5405
247,3068
248,5855
249,477
250,4290
251,4951
252,7851
253,1918
254,2878
255,7087
256,4275
257,2711
258,780
259,4241
260,6876
261,382
262,7290
263,6934
264,4816
265,5349
266,792
267,5929
268,1154
269,4470
270,6540
271,3318
272,6799
273,2761
274,4995
275,3376
276,3584
277,2560
278,6210
279,3903
280,5164
281,4288
282,4058
283,1221
284,2234
285,2188
286,7674
287,5196
288,3844
289,7679
290,6878
291,7054
292,6808
293,4774
294,5286
295,4383
296,6936
297,6264
298,6337
299,635
300,3201
301,4979
302,7688
303,5800
304,5384
305,7763
306,39
307,6535
308,4384
309,2417
310,3574
311,4989
312,7321
313,6135
314,422
315,5752
316,3554
317,5436
318,5270
319,3360
320,5679
321,3520
322,1925
323,5340
324,1334
325,1477
326,4066
327,2814
328,5267
329,7944
330,4864
331,4876
332,2763
333,3995
334,2917
335,4908
336,4525
337,2144
338,770
339,3243
340,2964
341,5220
342,4092
343,1194
344,5194
345,4373
346,5224
347,1189
348,711
349,865
350,1686
351,2849
352,2263
353,1901
354,4548
355,1010
356,4633
357,1775
358,6964
359,7910
360,163
361,5353
362,3224
363,6034
364,6595
365,3779
366,5993
367,4983
368,96
369,899
370,3862
371,1296
372,7232
373,5739
374,3098
375,2682
376,2979
377,879
378,7846
379,6272
380,1036
381,1617
382,7806
383,2050
384,3679
385,2139
386,5792
387,1794
388,294
389,1400
390,2910
391,7564
392,5741
393,5936
394,1293
395,1791
396,398
397,1855
398,3158
399,6203
400,6855
401,2704
402,5289
403,4265
404,5959
405,2075
406,2386
407,1377
408,5704
409,1944
410,356
411,2748
412,597
413,5342
414,17
415,1144
416,2413
417,1501
418,3804
419,7105
420,4928
421,2484
422,1189
423,5154
424,7510
425,7472
426,5923
427,1544
428,6287
429,2658
430,6065
431,5486
432,4677
433,6876
434,7999
435,7850
436,1357
437,1800
438,7337
439,7060
440,7389
441,612
442,3492
443,1486
444,5703
445,4446
446,5332
447,1333
448,6371
449,583
450,2556
451,163
452,2572
453,6455
454,141
455,2205
456,3329
457,3454
458,1695
459,4512
460,7915
461,2
462,6909
463,1795
464,4413
465,3258
466,2202
467,1161
468,7927
469,2886
470,7010
471,7621
472,3910
473,2856
474,5996
475,5866
476,1798
477,5923
478,3659
479,6447
480,1959
481,7214
482,2564
483,3355
484,5677
485,1813
486,1881
487,6578
488,3409
489,2285
490,2052
491,6268
492,5637
493,7922
494,7168
495,2734
496,6229
497,3903
498,2560
499,7096
500,3177
501,2664
502,7171
503,3882
504,7463
505,2359
506,767
507,6019
508,1077
509,4866
510,2682
511,280
512,6556
513,2021
514,5880
515,5278
516,2888
517,7906
518,2959
519,2964
520,4460
521,465
522,6998
523,5263
524,3458
525,581
526,3964
527,6499
528,2608
529,4030
530,6325
531,4139
532,2374
533,4996
534,7694
535,694
536,7972
537,7270
538,3554
539,6926
540,6905
541,4623
542,6117
543,6310
544,2918
545,7233
546,1309
547,7967
548,7296
549,1585
550,1265
551,7863
552,7924
553,6655
554,6234
555,5071
556,3078
557,5393
558,6134
559,6167
560,4914
561,5131
562,379
563,2072
564,7411
565,6636
566,3720
567,1309
568,7265
569,3208
570,6231
571,2431
572,5429
573,158
574,1871
575,5964
576,7464
577,6549
578,7670
579,2963
580,2298
581,1048
582,68
583,4751
584,3087
585,5963
586,7442
587,6510
588,5940
589,3176
590,2418
591,4988
592,3199
593,6651
594,2648
595,3441
596,7699
597,5110
598,1205
599,4499
600,2434
601,3762
602,5668
603,3465
604,1166
605,2179
606,765
607,3390
608,5896
609,5430
610,3400
611,5230
612,4762
613,1129
614,7820
615,1489
616,2144
617,4167
618,6725
619,2656
620,48
621,6367
622,2035
623,4616
624,4154
625,6753
626,1231
627,4842
628,5643
629,4020
630,1497
631,1421
632,5612
633,182
634,12
635,4769
636,4967
637,1169
638,1971
639,4657
640,105
641,7158
642,2197
643,612
644,5315
645,6970
646,268
647,623
648,2251
649,4169
650,6772
651,3035
652,1247
653,3915
654,2686
655,6446
656,5257
657,6481
658,2724
659,1017
660,1214
661,6332
662,5495
663,7933
664,2689
665,3051
666,4436
667,1595
668,7013
669,670
670,1717
671,1687
672,6895
673,7084
674,1955
675,7720
676,537
677,2077
678,6217
679,1119
680,6259
681,2021
682,2597
683,3985
684,7141
685,7870
686,6359
687,4834
688,1871
689,4192
690,1564
691,4048
692,2385
693,32
694,4244
695,4185
696,5990
697,3362
698,191
699,202
700,299
701,1980
702,838
703,870
704,4222
705,5929
706,4790
707,7023
708,7809
709,2983
710,6663
711,851
712,894
713,5422
714,7707
715,7862
716,7141
717,1485
718,3842
719,5784
720,1968
721,7138
722,1850
723,547
724,551
725,7413
726,5108
727,5780
728,4351
729,4529
730,5009
731,3267
732,2334
733,4353
734,3116
735,6864
736,1722
737,7876
738,1296
739,7532
740,3935
741,428
742,4746
743,2305
744,6671
745,4024
746,2074
747,5823
748,1027
749,2187
750,1987
751,3397
752,5328
753,4265
754,898
755,3368
756,6053
757,3087
758,5915
759,6562
760,689
761,3692
762,6094
763,6746
764,737
765,4607
766,3753
767,2379
768,7815
769,7118
770,4023
771,2452
772,5014
773,7488
774,1430
775,5852
776,4554
777,7384
778,1254
779,3680
780,4580
781,2766
782,4509
783,2011
784,2707
785,524
786,4920
787,2705
788,559
789,3266
790,908
791,2743
792,2142
793,7462
794,6587
795,578
796,3993
797,6347
798,2882
799,3850
800,3209
801,2141
802,2350
803,2907
804,3979
805,7287
806,3182
807,3993
808,1299
809,5665
810,6596
811,1101
812,4076
813,4137
814,6358
815,5648
816,1373
817,2140
818,2785
819,5842
820,4968
821,1185
822,6093
823,7944
824,2540
825,5811
826,6619
827,1200
828,106
829,5434
830,7674
831,3330
832,164
833,4932
834,7993
835,2036
836,545
837,5412
838,5848
839,490
840,590
841,4455
842,7415
843,121
844,2558
845,1968
846,1968
847,7383
848,7314
849,4591
850,2496
851,7584
852,3700
853,386
854,608
855,1927
856,1789
857,1448
858,2546
859,855
860,7223
861,6110
862,5719
863,6629
864,508
865,2392
866,6621
867,2581
868,3773
869,5341
870,6166
871,453
872,4511
873,4927
874,7683
875,1113
876,7103
877,886
878,4975
879,4836
880,6166
881,7193
882,4569
883,6511
884,7096
885,5432
886,4682
887,7786
888,6519
889,2392
890,2884
891,1517
892,4644
893,6796
894,4059
895,4137
896,1525
897,2092
898,2333
899,7663
900,1282
901,1141
902,6188
903,2012
904,5866
905,7869
906,1261
907,3361
908,5842
909,1489
910,3225
911,3243
912,461
913,1900
914,4721
915,3443
916,2904
917,4246
918,5966
919,5987
920,2492
921,5336
922,3606
923,5731
924,1558
925,4183
926,2443
927,7424
928,3187
929,341
930,2365
931,2937
932,7893
933,7423
934,1120
935,1317
936,19
937,7539
938,824
939,1220
940,6108
941,4691
942,1584
943,7584
944,6299
945,6975
946,6987
947,7967
948,5175
949,3890
950,7858
951,168
952,4722
953,5499
954,7787
955,1968
956,5105
957,1237
958,938
959,1824
960,5146
961,7781
962,4546
963,7461
964,7513
965,3409
966,1332
967,2643
968,2046
969,4216
970,5928
971,4279
972,2688
973,7825
974,6650
975,6647
976,5285
977,2147
978,5675
979,6120
980,3897
981,4190
982,5496
983,7085
984,3835
985,1621
986,7432
987,6406
988,7576
989,5849
990,6462
991,3964
992,1295
993,6003
994,7086
995,3239
996,1395
997,4221
998,45
999,3227
1000,463
1001,3613
1002,3458
1003,7469
1004,7907
1005,7839
1006,3960
1007,5797
1008,589
1009,3950
1010,1045
1011,706
1012,1091
1013,5871
1014,6693
1015,1252
1016,1085
1017,7803
1018,3183
1019,2522
1020,7536
1021,4919
1022,3913
1023,7752
1024,6324
1025,5329
1026,2312
1027,7605
1028,7046
1029,7128
1030,5775
1031,4399
1032,5098
1033,6776
1034,6408
1035,6235
1036,7465
1037,3665
1038,6513
1039,733
1040,632
1041,308
1042,6414
1043,6432
1044,6585
1045,1593
1046,893
1047,6210
1048,7130
1049,832
1050,3622
1051,7007
1052,3484
1053,4162
1054,3280
1055,2489
1056,686
1057,5139
1058,4241
1059,3905
1060,567
1061,3958
1062,2206
1063,2500
1064,5299
1065,7068
1066,3392
1067,3061
1068,5749
1069,6971
1070,616
1071,4307
1072,1482
1073,6344
1074,6745
1075,6263
1076,6718
1077,7377
1078,2819
1079,3068
1080,888
1081,1656
1082,7152
1083,3595
1084,4736
1085,4751
1086,7703
1087,1665
1088,5537
1089,5389
1090,5646
1091,5632
1092,2474
1093,5867
1094,7069
1095,1039
1096,4174
1097,6814
1098,1070
1099,5998
1100,3371
1101,1265
1102,1504
1103,7163
1104,2280
1105,7934
1106,1146
1107,1530
1108,4151
1109,6344
1110,7804
1111,6021
1112,2618
1113,696
1114,2898
1115,3215
1116,5442
1117,5555
1118,5154
1119,2838
1120,3506
1121,4884
1122,260
1123,3557
1124,1410
1125,2635
1126,4561
1127,2499
1128,5151
1129,2449
1130,5076
1131,7612
1132,1008
1133,6791
1134,1950
1135,2953
1136,1972
1137,939
1138,6838
1139,798
1140,2823
1141,501
1142,2285
1143,2448
1144,2243
1145,4244
1146,4174
1147,1954
1148,3331
1149,1280
1150,4020
1151,5355
1152,6147
1153,2748
1154,5623
1155,3365
1156,6051
1157,5610
1158,3006
1159,4820
1160,7883
1161,2378
1162,1272
1163,1104
1164,6056
1165,17
1166,3686
1167,2673
1168,3539
1169,1122
1170,6095
1171,3415
1172,2963
1173,3179
1174,1495
1175,340
1176,2873
1177,6111
1178,2858
1179,502
1180,1386
1181,6923
1182,2067
1183,7988
1184,5690
1185,7127
1186,4969
1187,179
1188,3378
1189,5532
1190,7464
1191,5878
1192,5172
1193,6172
1194,3613
1195,4385
1196,1334
1197,6562
1198,1595
1199,7464
1200,5418
1201,7863
1202,7372
1203,1241
1204,7486
1205,2110
1206,7041
1207,4994
1208,127
1209,5421
1210,1514
1211,6592
1212,4696
1213,4584
1214,6593
1215,2533
1216,5945
1217,3323
1218,5408
1219,2757
1220,3603
1221,4596
1222,4883
1223,861
1224,3583
1225,1883
1226,6472
1227,7905
1228,4158
1229,2000
1230,2595
1231,993
1232,7707
1233,7039
1234,7854
1235,4823
1236,3501
1237,4929
1238,4142
1239,2703
1240,6777
1241,1426
1242,1936
1243,7283
1244,6004
1245,4587
1246,3266
1247,6258
1248,5029
1249,4092
1250,3487
1251,5645
1252,873
1253,2568
1254,6082
1255,3774
1256,5329
1257,3164
1258,6972
1259,5381
1260,1573
1261,6701
1262,5984
1263,7248
1264,396
1265,1805
1266,6331
1267,453
1268,1667
1269,7306
1270,1569
1271,6064
1272,2507
1273,7395
1274,3106
1275,7748
1276,1504
1277,1448
1278,860
1279,6672
1280,2083
1281,557
1282,5162
1283,4287
1284,6169
1285,2666
1286,1210
1287,2187
1288,1356
1289,1330
1290,4605
1291,2048
1292,1231
1293,4430
1294,7671
1295,7913
1296,4255
1297,310
1298,2422
1299,5913
1300,7141
1301,5035
1302,6559
1303,3799
1304,5913
1305,1652
1306,1443
1307,6631
1308,3200
1309,1907
1310,5009
1311,433
1312,4501
1313,5410
1314,4934
1315,4689
1316,3270
1317,5744
1318,511
1319,826
1320,7125
1321,1586
1322,6991
1323,391
1324,7391
1325,7687
1326,2219
1327,1504
1328,1402
1329,2381
1330,1891
1331,7557
1332,3319
1333,634
1334,1004
1335,7738
1336,3974
1337,7448
1338,2584
1339,719
1340,825
1341,7327
1342,6822
1343,1995
1344,6689
1345,2480
1346,3254
1347,2741
1348,7381
1349,1516
1350,3157
1351,4158
1352,2065
1353,1007
1354,7606
1355,4110
1356,7738
1357,5037
1358,2178
1359,1385
1360,639
1361,4775
1362,1734
1363,1278
1364,5148
1365,2377
1366,7435
1367,6540
1368,952
1369,99
1370,4995
1371,3249
1372,3247
1373,2178
1374,2271
1375,2385
1376,4394
1377,6122
1378,5694
1379,2911
1380,3177
1381,563
1382,319
1383,651
1384,1826
1385,5757
1386,2487
1387,264
1388,5315
1389,7890
1390,6526
1391,7545
1392,2708
1393,4822
1394,5348
1395,567
1396,4664
1397,1837
1398,1473
1399,4225
1400,1810
1401,2025
1402,6634
1403,4353
1404,2501
1405,4398
1406,7616
1407,6199
1408,6675
1409,2981
1410,2978
1411,5316
1412,5991
1413,2329
1414,1730
1415,6037
1416,4334
1417,6641
1418,5141
1419,5546
1420,1631
1421,2570
1422,7460
1423,3714
1424,5020
1425,4401
1426,6528
1427,805
1428,5744
1429,1146
1430,7827
1431,3214
1432,824
1433,7872
1434,6033
1435,5362
1436,607
1437,2553
1438,76
1439,369
1440,514
1441,3572
1442,295
1443,2392
1444,1586
1445,6002
1446,6242
1447,5521
1448,6999
1449,5535
1450,2901
1451,488
1452,4529
1453,3947
1454,3832
1455,378
1456,5946
1457,7113
1458,2143
1459,1596
1460,488
1461,68
1462,2755
1463,5349
1464,1550
1465,7993
1466,1850
1467,6329
1468,4770
1469,53
1470,2185
1471,4915
1472,6937
1473,3051
1474,7248
1475,4879
1476,367
1477,2450
1478,1635
1479,3953
1480,2307
1481,3929
1482,185
1483,7797
1484,5470
1485,3528
1486,2686
1487,532
1488,5652
1489,1461
1490,1987
1491,7919
1492,7875
1493,3615
1494,5269
1495,3196
1496,4089
1497,4394
1498,7659
1499,6218
1500,4786
1501,7927
1502,1977
1503,4530
1504,3198
1505,287
1506,4257
1507,3996
1508,4417
1509,1165
1510,201
1511,6827
1512,3860
1513,5877
1514,3335
1515,1926
1516,5450
1517,3829
1518,505
1519,6148
1520,2957
1521,3206
1522,3314
1523,6259
1524,4646
1525,2526
1526,4431
1527,3077
1528,4059
1529,1254
1530,7207
1531,7128
1532,4466
1533,1363
1534,6624
1535,7905
1536,1172
1537,7524
1538,7839
1539,3764
1540,5197
1541,2486
1542,7447
1543,5234
1544,1392
1545,4103
1546,4227
1547,2767
1548,1047
1549,1669
1550,5038
1551,2814
1552,2376
1553,1618
1554,6191
1555,1916
1556,5748
1557,535
1558,5747
1559,6518
1560,1817
1561,7554
1562,7859
1563,152
1564,5511
1565,2333
1566,6852
1567,372
1568,1343
1569,1996
1570,1740
1571,3274
1572,4086
1573,1315
1574,5522
1575,2234
1576,7994
1577,5346
1578,1455
1579,4931
1580,4396
1581,3278
1582,4705
1583,4599
1584,2027
1585,2092
1586,4351
1587,1405
1588,2769
1589,3549
1590,3782
1591,5186
1592,2327
1593,7825
1594,7441
1595,190
1596,1172
1597,809
1598,6439
1599,7455
1600,7714
1601,1197
1602,1903
1603,5332
1604,865
1605,2918
1606,7294
1607,4599
1608,1493
1609,4634
1610,81
1611,6807
1612,811
1613,3618
1614,470
1615,7329
1616,537
1617,6633
1618,3236
1619,7915
1620,2531
1621,3267
1622,3276
1623,1054
1624,441
1625,167
1626,3399
1627,7805
1628,5054
1629,4299
1630,270
1631,3030
1632,6179
1633,7387
1634,2569
1635,3651
1636,6578
1637,4117
1638,5023
1639,6557
1640,1575
1641,6788
1642,5868
1643,3199
1644,6584
1645,4694
1646,5649
1647,5746
1648,4214
1649,5084
1650,6117
1651,1402
1652,4363
1653,2718
1654,712
1655,1724
1656,7075
1657,3929
1658,1112
1659,2762
1660,1832
1661,5271
1662,7357
1663,2637
1664,5477
1665,6697
1666,3040
1667,654
1668,3980
1669,7618
1670,1337
1671,673
1672,3283
1673,7795
1674,3268
1675,4206
1676,4664
1677,7614
1678,3477
1679,5533
1680,7590
1681,2330
1682,451
1683,4189
1684,2608
1685,7171
1686,7104
1687,7314
1688,5626
1689,3002
1690,3465
1691,4825
1692,4407
1693,4064
1694,1464
1695,4216
1696,5836
1697,6891
1698,4407
1699,2279
1700,6483
1701,3138
1702,1871
1703,1205
1704,1212
1705,123
1706,7902
1707,409
1708,975
1709,2927
1710,3431
1711,7702
1712,6925
1713,2358
1714,5635
1715,2633
1716,4276
1717,7428
1718,2166
1719,1682
1720,4320
1721,1247
1722,989
1723,4125
1724,3790
1725,2172
1726,5059
1727,4236
1728,2556
1729,6069
1730,338
1731,4355
1732,5869
1733,42
1734,3494
1735,4239
1736,904
1737,3313
1738,5245
1739,2164
1740,3680
1741,5883
1742,3083
1743,81
1744,1551
1745,68
1746,4394
1747,5938
1748,7803
1749,3446
1750,6767
1751,1458
1752,826
1753,6363
1754,5848
1755,4555
1756,2962
1757,5117
1758,161
1759,7484
1760,1049
1761,7325
1762,2549
1763,1621
1764,4603
1765,6860
1766,2434
1767,418
1768,1050
1769,40
1770,4645
1771,6258
1772,7440
1773,2806
1774,3525
1775,1283
1776,5007
1777,1817
1778,380
1779,5259
1780,618
1781,2221
1782,4527
1783,6693
1784,4205
1785,5891
1786,6398
1787,7319
1788,5926
1789,3001
1790,6167
1791,5180
1792,4103
1793,2228
1794,7269
1795,7954
1796,931
1797,5757
1798,2342
1799,3042
1800,7126
1801,2869
1802,5659
1803,456
1804,1666
1805,1206
1806,2328
1807,3422
1808,6131
1809,2888
1810,1659
1811,1033
1812,5924
1813,5757
1814,1465
1815,6623
1816,3931
1817,3882
1818,7700
1819,7156
1820,7919
1821,7938
1822,681
1823,6528
1824,2730
1825,848
1826,37
1827,430
1828,1161
1829,464
1830,5912
1831,643
1832,5728
1833,5419
1834,2658
1835,6569
1836,7194
1837,3470
1838,6665
1839,600
1840,1695
1841,3110
1842,2285
1843,4000
1844,7822
1845,3770
1846,4562
1847,7637
1848,41
1849,4772
1850,5789
1851,7191
1852,1872
1853,7981
1854,4506
1855,3644
1856,1702
1857,2372
1858,2554
1859,7645
1860,4368
1861,1627
1862,4314
1863,7162
1864,7516
1865,1631
1866,6462
1867,1418
1868,7998
1869,7826
1870,6428
1871,612
1872,4661
1873,4806
1874,6229
1875,7619
1876,1996
1877,3895
1878,5887
1879,7993
1880,7164
1881,7686
1882,605
1883,2931
1884,7790
1885,1358
1886,3056
1887,2981
1888,2911
1889,3429
1890,5862
1891,3986
1892,2525
1893,1969
1894,3121
1895,4601
1896,2606
1897,1444
1898,3187
1899,6559
1900,6031
1901,3477
1902,6933
1903,6902
1904,6682
1905,4668
1906,4215
1907,6311
1908,3329
1909,1098
1910,1
1911,1345
1912,2614
1913,1699
1914,792
1915,7357
1916,7917
1917,3065
1918,4269
1919,4013
1920,3769
1921,3846
1922,879
1923,7105
1924,2707
1925,165
1926,1825
1927,2934
1928,3770
1929,4814
1930,582
1931,4252
1932,6772
1933,2540
1934,6200
1935,6786
1936,5746
1937,7837
1938,3160
1939,1792
1940,6033
1941,4230
1942,6815
1943,3360
1944,1789
1945,719
1946,5395
1947,5161
1948,6576
1949,7426
1950,3542
1951,2890
1952,7192
1953,4924
1954,2904
1955,5472
1956,1303
1957,781
1958,3245
1959,4132
1960,3364
1961,5554
1962,3706
1963,4660
1964,1870
1965,4844
1966,7112
1967,1340
1968,5601
1969,3196
1970,4154
1971,4993
1972,2465
1973,1790
1974,5595
1975,6794
1976,2803
1977,4383
1978,721
1979,6315
1980,2396
1981,3837
1982,4335
1983,3695
1984,3104
1985,5145
1986,7590
1987,3105
1988,3596
1989,1723
1990,1242
1991,1911
1992,1360
1993,803
1994,5267
1995,4124
1996,7108
1997,7079
1998,3338
1999,2264
2000,5259
2001,3118
2002,3172
2003,4319
2004,2453
2005,5191
2006,7483
2007,1075
2008,4542
2009,3623
2010,6807
2011,3254
2012,5204
2013,7997
2014,5563
2015,5392
2016,2102
2017,7476
2018,5724
2019,4281
2020,1239
2021,5061
2022,3501
2023,2787
2024,994
2025,7733
2026,597
2027,7367
2028,1336
2029,2098
2030,2242
2031,4171
2032,404
2033,5830
2034,1495
2035,2893
2036,16
2037,7222
2038,577
2039,3279
2040,5952
2041,3897
2042,4455
2043,1279
2044,4476
2045,4568
2046,2431
2047,6369
2048,4412
2049,543
2050,4286
2051,4251
2052,1564
2053,893
2054,1895
2055,3549
2056,2686
2057,125
2058,4229
2059,3947
2060,1422
2061,7969
2062,2612
2063,4680
2064,289
2065,7640
2066,2393
2067,4736
2068,4023
2069,4253
2070,945
2071,2322
2072,3103
2073,2988
2074,2823
2075,4217
2076,5177
2077,2720
2078,7104
2079,3606
2080,2775
2081,7662
2082,1616
2083,4156
2084,1725
2085,2104
2086,655
2087,3095
2088,3464
2089,5583
2090,5222
2091,6649
2092,7019
2093,840
2094,6563
2095,4163
2096,4180
2097,6265
2098,2349
2099,2988
2100,5869
2101,7057
2102,5841
2103,433
2104,5374
2105,913
2106,762
2107,473
2108,7023
2109,1003
2110,7167
2111,6628
2112,6379
2113,5621
2114,1687
2115,2896
2116,2337
2117,5706
2118,1512
2119,6343
2120,2660
2121,510
2122,7164
2123,1064
2124,1906
2125,6843
2126,4372
2127,4720
2128,4946
2129,7420
2130,535
2131,709
2132,2390
2133,2534
2134,4963
2135,3359
2136,5760
2137,62
2138,2693
2139,5523
2140,3137
2141,6155
2142,5123
2143,3837
2144,6493
2145,4361
2146,1174
2147,3786
2148,6634
2149,3527
2150,6517
2151,1440
2152,4407
2153,4190
2154,3724
2155,5098
2156,7880
2157,5454
2158,780
2159,3971
2160,6656
2161,1334
2162,2715
2163,1022
2164,6872
2165,1008
2166,2988
2167,4688
2168,6539
2169,7687
2170,3306
2171,795
2172,2260
2173,1941
2174,5070
2175,3991
2176,7375
2177,7486
2178,2001
2179,2527
2180,6076
2181,7619
2182,6459
2183,5398
2184,5923
2185,6275
2186,2073
2187,7796
2188,6033
2189,5780
2190,2572
2191,7024
2192,5440
2193,5946
2194,2110
2195,2892
2196,212
2197,6658
2198,4848
2199,3256
2200,5762
2201,7422
2202,559
2203,6756
2204,331
2205,7581
2206,5478
2207,6053
2208,4774
2209,2598
2210,3980
2211,3715
2212,5244
2213,7825
2214,6334
2215,4445
2216,3789
2217,3970
2218,4327
2219,1273
2220,5040
2221,2659
2222,6939
2223,5612
2224,6135
2225,7901
2226,7619
2227,6946
2228,1841
2229,4338
2230,3571
2231,7243
2232,3465
2233,2362
2234,1496
2235,2978
2236,2699
2237,1143
2238,6797
2239,2779
2240,1351
2241,2007
2242,5260
2243,4201
2244,4814
2245,1479
2246,897
2247,5033
2248,4249
2249,4271
2250,6842
2251,7598
2252,3210
2253,3085
2254,7099
2255,7402
2256,5002
2257,113
2258,431
2259,3765
2260,1617
2261,7891
2262,2872
2263,3261
2264,1988
2265,1612
2266,4007
2267,5707
2268,5112
2269,1591
2270,7751
2271,6446
2272,3796
2273,3365
2274,1236
2275,7110
2276,661
2277,7735
2278,1161
2279,4974
2280,4780
2281,6364
2282,3671
2283,6087
2284,706
2285,3048
2286,4465
2287,7070
2288,2587
2289,77
2290,452
2291,4089
2292,6296
2293,2616
2294,3013
2295,2819
2296,4374
2297,7242
2298,3426
2299,273
2300,6389
2301,7793
2302,6234
2303,2896
2304,6067
2305,5859
2306,7976
2307,5645
2308,1270
2309,2743
2310,4251
2311,5473
2312,6056
2313,5088
2314,2561
2315,3191
2316,3644
2317,454
2318,321
2319,5308
2320,2896
2321,4610
2322,4296
2323,5025
2324,2987
2325,7350
2326,3996
2327,720
2328,293
2329,4936
2330,3404
2331,2793
2332,3174
2333,3129
2334,3464
2335,5495
2336,70
2337,3045
2338,6925
2339,4852
2340,3860
2341,5913
2342,2680
2343,5045
2344,6706
2345,908
2346,5116
2347,7859
2348,2142
2349,700
2350,623
2351,5240
2352,1995
2353,6183
2354,639
2355,2531
2356,6701
2357,2338
2358,4737
2359,1559
2360,4500
2361,3864
2362,5034
2363,3654
2364,4016
2365,7523
2366,1110
2367,6933
2368,115
2369,2048
2370,2950
2371,2925
2372,7764
2373,5618
2374,7591
2375,6686
2376,815
2377,7414
2378,6925
2379,5487
2380,5641
2381,1630
2382,191
2383,1478
2384,5170
2385,6029
2386,4523
2387,4592
2388,7363
2389,846
2390,1338
2391,2254
2392,7303
2393,273
2394,7678
2395,2973
2396,5174
2397,3202
2398,6024
2399,352
2400,3868
2401,2823
2402,5079
2403,1772
2404,3225
2405,5527
2406,683
2407,7056
2408,6337
2409,50
2410,6071
2411,3935
2412,2660
2413,6656
2414,2612
2415,3419
2416,4327
2417,4490
2418,1042
2419,1983
2420,5265
2421,2447
2422,2505
2423,5736
2424,34
2425,1092
2426,5326
2427,6562
2428,221
2429,7404
2430,994
2431,3723
2432,4967
2433,15
2434,1988
2435,4070
2436,5448
2437,7642
2438,3527
2439,4543
2440,4494
2441,4947
2442,6206
2443,3894
2444,1936
2445,5750
2446,4371
2447,5993
2448,80
2449,4017
2450,567
2451,1474
2452,2106
2453,2745
2454,4787
2455,1626
2456,521
2457,7047
2458,542
2459,4104
2460,201
2461,5747
2462,1703
2463,6731
2464,6839
2465,6763
2466,658
2467,3919
2468,5828
2469,7056
2470,7232
2471,5471
2472,312
2473,7341
2474,4710
2475,3560
2476,820
2477,2004
2478,6560
2479,7718
2480,5008
2481,7063
2482,4510
2483,750
2484,5410
2485,1248
2486,3068
2487,1942
2488,6752
2489,366
2490,6768
2491,2180
2492,4637
2493,7148
2494,1245
2495,2322
2496,5231
2497,48
2498,2948
2499,7515
2500,7858
2501,5517
2502,4058
2503,1189
2504,5797
2505,1749
2506,5300
2507,1771
2508,3057
2509,6062
2510,6110
2511,4677
2512,74
2513,3215
2514,5708
2515,1654
2516,6063
2517,6744
2518,1704
2519,5330
2520,2059
2521,460
2522,7626
2523,3274
2524,4862
2525,1516
2526,6470
2527,5461
2528,3253
2529,7152
2530,990
2531,381
2532,4789
2533,1060
2534,7512
2535,2820
2536,952
2537,542
2538,1835
2539,2033
2540,4654
2541,4824
2542,5203
2543,6970
2544,6820
2545,3566
2546,1924
2547,3727
2548,7106
2549,3637
2550,7035
2551,321
2552,2734
2553,6325
2554,1519
2555,6221
2556,3727
2557,1221
2558,7782
2559,6793
2560,7468
2561,3202
2562,3685
2563,2602
2564,4914
2565,3051
2566,6400
2567,6319
2568,724
2569,4636
2570,2575
2571,1262
2572,4301
2573,4261
2574,4545
2575,633
2576,6337
2577,2695
2578,906
2579,4077
2580,1
2581,3914
2582,5240
2583,6871
2584,813
2585,446
2586,5348
2587,1922
2588,7988
2589,3468
2590,4547
2591,2913
2592,7096
2593,1463
2594,1180
2595,1557
2596,3084
2597,6453
2598,1812
2599,6364
2600,5215
2601,3876
2602,6821
2603,3992
2604,2930
2605,2155
2606,237
2607,2487
2608,5445
2609,4334
2610,2338
2611,1539
2612,4752
2613,6893
2614,1700
2615,2824
2616,109
2617,2234
2618,3051
2619,1565
2620,7187
2621,5269
2622,863
2623,5201
2624,7676
2625,1189
2626,4807
2627,6196
2628,6888
2629,6229
2630,7961
2631,6079
2632,2043
2633,2825
2634,2928
2635,2464
2636,6914
2637,7868
2638,3099
2639,5286
2640,6355
2641,3256
2642,6161
2643,1414
2644,2066
2645,3888
2646,2627
2647,1352
2648,5776
2649,6269
2650,2570
2651,5521
2652,7437
2653,6131
2654,4608
2655,5261
2656,7838
2657,2464
2658,4778
2659,1272
2660,5674
2661,2849
2662,4306
2663,3466
2664,334
2665,2016
2666,6836
2667,1149
2668,4257
2669,6061
2670,1934
2671,3324
2672,4241
2673,6712
2674,3674
2675,362
2676,5036
2677,3497
2678,6680
2679,2379
2680,5115
2681,5020
2682,3268
2683,6867
2684,3721
2685,3004
2686,7080
2687,7625
2688,2881
2689,5883
2690,6858
2691,664
2692,5749
2693,619
2694,4933
2695,2162
2696,6971
2697,6140
2698,1269
2699,4193
2700,434
2701,850
2702,1612
2703,7276
2704,7586
2705,7746
2706,5954
2707,6818
2708,385
2709,7786
2710,617
2711,4870
2712,6034
2713,4714
2714,3422
2715,4759
2716,6376
2717,7171
2718,1563
2719,3898
2720,1353
2721,650
2722,4202
2723,4870
2724,5485
2725,5960
2726,1460
2727,1836
2728,2598
2729,2161
2730,4024
2731,5057
2732,6169
2733,3071
2734,23
2735,7274
2736,1258
2737,7595
2738,4683
2739,3939
2740,3702
2741,1928
2742,1272
2743,7916
2744,1210
2745,636
2746,5595
2747,784
2748,5265
2749,7515
2750,3551
2751,6739
2752,1498
2753,2914
2754,7950
2755,4663
2756,2488
2757,4620
2758,3556
2759,2539
2760,3762
2761,4372
2762,704
2763,5329
2764,7803
2765,7176
2766,4916
2767,1322
2768,3789
2769,6535
2770,315
2771,865
2772,7534
2773,279
2774,1354
2775,5872
2776,149
2777,6501
2778,2303
2779,3635
2780,4262
2781,5274
2782,7286
2783,2823
2784,3160
2785,1942
2786,2043
2787,7390
2788,1719
2789,1419
2790,1689
2791,7075
2792,7749
2793,1849
2794,3601
2795,6660
2796,60
2797,6529
2798,2662
2799,5601
2800,1839
2801,3241
2802,4757
2803,1231
2804,4174
2805,1067
2806,611
2807,5704
2808,7304
2809,4218
2810,7566
2811,6643
2812,7883
2813,5970
2814,5157
2815,4236
2816,4391
2817,58
2818,4659
2819,7536
2820,2640
2821,1049
2822,7127
2823,7432
2824,386
2825,1074
2826,431
2827,1999
2828,7295
2829,5502
2830,7731
2831,2113
2832,4276
2833,357
2834,94
2835,2594
2836,6138
2837,6936
2838,4230
2839,3432
2840,1144
2841,3597
2842,5581
2843,1286
2844,1893
2845,2136
2846,816
2847,3413
2848,5867
2849,6179
2850,5309
2851,7009
2852,1063
2853,6346
2854,2529
2855,6286
2856,6413
2857,1557
2858,159
2859,7590
2860,3497
2861,6803
2862,2909
2863,4800
2864,1920
2865,3983
2866,7128
2867,7437
2868,1557
2869,2226
2870,1208
2871,7618
2872,455
2873,4213
2874,4095
2875,605
2876,7575
2877,6400
2878,1498
2879,1239
2880,5064
2881,4772
2882,1242
2883,5797
2884,7903
2885,3506
2886,1084
2887,5162
2888,6474
2889,4150
2890,3620
2891,4860
2892,3229
2893,659
2894,3177
2895,4177
2896,6071
2897,3260
2898,2313
2899,7110
2900,4803
2901,1165
2902,7229
2903,5131
2904,1242
2905,6276
2906,552
2907,6255
2908,6918
2909,3230
2910,3369
2911,5508
2912,6946
2913,402
2914,1744
2915,5871
2916,4765
2917,996
2918,3884
2919,7310
2920,6557
2921,5288
2922,4290
2923,4486
2924,512
2925,4052
2926,1627
2927,680
2928,7293
2929,576
2930,3445
2931,7103
2932,6377
2933,6908
2934,6233
2935,888
2936,2518
2937,7182
2938,588
2939,2158
2940,5590
2941,1286
2942,415
2943,7250
2944,6301
2945,7936
2946,1057
2947,884
2948,3012
2949,3894
2950,7605
2951,304
2952,3818
2953,7359
2954,3966
2955,4343
2956,2293
2957,3816
2958,438
2959,6649
2960,4982
2961,6574
2962,1502
2963,1260
2964,7083
2965,3733
2966,4368
2967,6460
2968,5149
2969,2727
2970,3184
2971,6031
2972,6122
2973,3724
2974,961
2975,947
2976,6941
2977,7875
2978,4116
2979,3111
2980,3321
2981,2619
2982,667
2983,2051
2984,3093
2985,400
2986,6363
2987,7876
2988,7265
2989,2725
2990,3904
2991,3128
2992,838
2993,730
2994,7498
2995,1090
2996,2412
2997,4778
2998,4517
2999,5835
3000,5013
3001,5988
3002,1687
3003,5638
3004,6758
3005,7812
3006,3603
3007,5085
3008,3718
3009,7918
3010,4202
3011,765
3012,5535
3013,6854
3014,3105
3015,59
3016,3906
3017,2734
3018,3741
3019,6817
3020,4327
3021,733
3022,7099
3023,729
3024,4882
3025,1432
3026,7932
3027,5301
3028,1808
3029,7184
3030,862
3031,6873
3032,2849
3033,4761
3034,3142
3035,3846
3036,3696
3037,3906
3038,536
3039,131
3040,829
3041,1429
3042,6953
3043,2922
3044,2779
3045,3756
3046,1164
3047,7884
3048,2517
3049,366
3050,3913
3051,7618
3052,3692
3053,1445
3054,6956
3055,5073
3056,7612
3057,5629
3058,6329
3059,4217
3060,1660
3061,4892
3062,125
3063,5914
3064,6308
3065,2776
3066,3263
3067,3716
3068,7337
3069,1625
3070,2070
3071,1305
3072,6692
3073,1549
3074,1108
3075,2337
3076,4689
3077,3457
3078,3360
3079,3178
3080,242
3081,3427
3082,993
3083,7066
3084,7763
3085,6801
3086,1686
3087,5459
3088,4009
3089,221
3090,67
3091,7105
3092,7060
3093,5536
3094,390
3095,3011
3096,5764
3097,4535
3098,648
3099,7795
3100,6647
3101,6687
3102,4879
3103,3732
3104,7584
3105,6313
3106,3247
3107,1879
3108,4900
3109,1689
3110,6560
3111,5514
3112,3389
3113,5729
3114,2411
3115,1246
3116,1345
3117,4981
3118,1663
3119,2131
3120,7549
3121,7243
3122,7072
3123,514
3124,6587
3125,1841
3126,3071
3127,6918
3128,7011
3129,394
3130,5220
3131,392
3132,2814
3133,5862
3134,3336
3135,614
3136,6677
3137,957
3138,2111
3139,1088
3140,248
3141,4872
3142,7186
3143,5214
3144,3355
3145,2429
3146,6955
3147,513
3148,1050
3149,6885
3150,5481
3151,2757
3152,6429
3153,4571
3154,2388
3155,3759
3156,2326
3157,867
3158,5034
3159,7641
3160,5735
3161,2084
3162,4504
3163,759
3164,7009
3165,3908
3166,5508
3167,6021
3168,6184
3169,2526
3170,5127
3171,7055
3172,7282
3173,2914
3174,3128
3175,6556
3176,5742
3177,330
3178,7075
3179,7352
3180,3329
3181,6069
3182,5593
3183,5981
3184,7083
3185,4770
3186,1889
3187,2813
3188,4680
3189,4106
3190,2124
3191,2735
3192,2867
3193,5785
3194,7782
3195,7603
3196,1221
3197,843
3198,5897
3199,6820
3200,315
3201,3424
3202,3467
3203,1081
3204,2485
3205,5179
3206,3735
3207,2679
3208,1883
3209,2653
3210,473
3211,5879
3212,6042
3213,6072
3214,4883
3215,783
3216,4748
3217,627
3218,6605
3219,3488
3220,54
3221,6841
3222,5417
3223,4348
3224,3947
3225,1278
3226,7956
3227,7346
3228,13
3229,5904
3230,7065
3231,3575
3232,2995
3233,3029
3234,3088
3235,3762
3236,2407
3237,2407
3238,7923
3239,867
3240,1734
3241,201
3242,400
3243,2353
3244,202
3245,4740
3246,5531
3247,2896
3248,5669
3249,6370
3250,1691
3251,5708
3252,3459
3253,7430
3254,1349
3255,6836
3256,1138
3257,4646
3258,5414
3259,3685
3260,1822
3261,7271
3262,1657
3263,3058
3264,4981
3265,1684
3266,5336
3267,5037
3268,5609
3269,1210
3270,5647
3271,1301
3272,6228
3273,7586
3274,2893
3275,988
3276,181
3277,3691
3278,5748
3279,4691
3280,2456
3281,1924
3282,2959
3283,1076
3284,3284
3285,4420
3286,3875
3287,4300
3288,6894
3289,5414
3290,1950
3291,5635
3292,1179
3293,7396
3294,4141
3295,6665
3296,7843
3297,1902
3298,5673
3299,6431
3300,6177
3301,1927
3302,2801
3303,5951
3304,295
3305,2557
3306,6611
3307,6633
3308,4094
3309,1027
3310,99
3311,4940
3312,5579
3313,4140
3314,7598
3315,6605
3316,2509
3317,4294
3318,6025
3319,7862
3320,2626
3321,1233
3322,3522
3323,5566
3324,3305
3325,7643
3326,4216
3327,7985
3328,1955
3329,3961
3330,3847
3331,2492
3332,2227
3333,5540
3334,6171
3335,4119
3336,1700
3337,5677
3338,7014
3339,2191
3340,7242
3341,6942
3342,5228
3343,1455
3344,3168
3345,6831
3346,4667
3347,7370
3348,2321
3349,6370
3350,1017
3351,6760
3352,1618
3353,3707
3354,5525
3355,7947
3356,1260
3357,2527
3358,1375
3359,1436
3360,983
3361,1544
3362,3700
3363,1591
3364,3842
3365,6755
3366,5586
3367,4816
3368,1840
3369,4167
3370,4554
3371,2304
3372,6076
3373,1873
3374,6931
3375,7728
3376,3901
3377,7072
3378,4730
3379,6752
3380,772
3381,6762
3382,2423
3383,1877
3384,5058
3385,5305
3386,1372
3387,1757
3388,2183
3389,326
3390,6183
3391,3712
3392,6501
3393,1392
3394,4086
3395,2757
3396,2611
3397,7449
3398,3546
3399,6621
3400,6701
3401,5982
3402,1795
3403,1648
3404,7929
3405,7792
3406,4635
3407,7619
3408,6788
3409,2900
3410,5744
3411,2179
3412,3595
3413,7283
3414,4361
3415,6385
3416,3254
3417,6814
3418,7833
3419,3817
3420,2206
3421,4579
3422,1169
3423,4880
3424,2991
3425,2436
3426,7056
3427,921
3428,1769
3429,7578
3430,2614
3431,1205
3432,6145
3433,1222
3434,86
3435,469
3436,2212
3437,2255
3438,522
3439,5341
3440,4507
3441,3037
3442,4896
3443,7526
3444,1353
3445,4945
3446,1905
3447,3184
3448,3858
3449,4351
3450,146
3451,2851
3452,3862
3453,905
3454,932
3455,7936
3456,6619
3457,7641
3458,6343
3459,4905
3460,5577
3461,5498
3462,2539
3463,905
3464,4046
3465,3668
3466,6086
3467,2337
3468,5026
3469,4674
3470,7458
3471,1840
3472,3876
3473,722
3474,4814
3475,894
3476,163
3477,3672
3478,7540
3479,7558
3480,1146
3481,5039
3482,1419
3483,2238
3484,6995
3485,7181
3486,1955
3487,7428
3488,6860
3489,4034
3490,1693
3491,2406
3492,5430
3493,6349
3494,2429
3495,3982
3496,5946
3497,1883
3498,88
3499,3401
3500,3350
3501,1565
3502,6759
3503,7666
3504,4229
3505,4741
3506,2558
3507,1279
3508,7933
3509,156
3510,4758
3511,2407
3512,6546
3513,3
3514,5446
3515,559
3516,4280
3517,3972
3518,4689
3519,2640
3520,4837
3521,148
3522,6680
3523,4551
3524,3093
3525,1255
3526,1712
3527,1337
3528,1319
3529,432
3530,2318
3531,448
3532,3941
3533,5556
3534,287
3535,2454
3536,2337
3537,7626
3538,3573
3539,6621
3540,4986
3541,7217
3542,2651
3543,1160
3544,3518
3545,2381
3546,2057
3547,7402
3548,6953
3549,2560
3550,4787
3551,7513
3552,2764
3553,3297
3554,2364
3555,510
3556,5001
3557,6940
3558,5448
3559,3132
3560,2171
3561,7974
3562,6318
3563,6331
3564,7346
3565,667
3566,7309
3567,784
3568,7708
3569,4469
3570,6646
3571,6155
3572,447
3573,2603
3574,3526
3575,5724
3576,34
3577,4900
3578,5527
3579,7330
3580,1036
3581,6998
3582,6221
3583,4754
3584,4196
3585,7808
3586,2891
3587,960
3588,5815
3589,5696
3590,5832
3591,7245
3592,3672
3593,2641
3594,5244
3595,2222
3596,1442
3597,869
3598,3828
3599,3604
3600,665
3601,1243
3602,4421
3603,2621
3604,5359
3605,3869
3606,925
3607,6487
3608,5410
3609,1625
3610,3509
3611,524
3612,3522
3613,6810
3614,4386
3615,7278
3616,4689
3617,2
3618,2379
3619,1153
3620,5635
3621,230
3622,4533
3623,671
3624,5476
3625,646
3626,5370
3627,6860
3628,3737
3629,7400
3630,665
3631,2135
3632,1982
3633,1871
3634,102
3635,2409
3636,1327
3637,4125
3638,2082
3639,5229
3640,2850
3641,2114
3642,5861
3643,2396
3644,6961
3645,6304
3646,6392
3647,5731
3648,4918
3649,509
3650,7359
3651,3764
3652,6928
3653,164
3654,4499
3655,2406
3656,7298
3657,5464
3658,2158
3659,522
3660,1081
3661,4406
3662,1535
3663,5579
3664,6702
3665,5030
3666,7582
3667,5569
3668,2018
3669,4797
3670,1370
3671,82
3672,7174
3673,2803
3674,941
3675,709
3676,6461
3677,2428
3678,4497
3679,3557
3680,3257
3681,3909
3682,5227
3683,2766
3684,5122
3685,6348
3686,7078
3687,1879
3688,5653
3689,4252
3690,6939
3691,219
3692,2025
3693,2404
3694,6124
3695,7782
3696,1165
3697,5235
3698,3056
3699,697
3700,1709
3701,2899
3702,7368
3703,3643
3704,3315
3705,895
3706,2960
3707,1084
3708,6025
3709,7105
3710,626
3711,5926
3712,2109
3713,1581
3714,1428
3715,130
3716,2558
3717,244
3718,1201
3719,7908
3720,4867
3721,1189
3722,5573
3723,5493
3724,1995
3725,7366
3726,5858
3727,1819
3728,6463
3729,1419
3730,4192
3731,4167
3732,4339
3733,497
3734,4914
3735,538
3736,1995
3737,570
3738,5395
3739,5300
3740,3322
3741,5061
3742,2270
3743,5275
3744,294
3745,5193
3746,6397
3747,1797
3748,3048
3749,2414
3750,6458
3751,2627
3752,2287
3753,7944
3754,6897
3755,6858
3756,644
3757,560
3758,3494
3759,1054
3760,4967
3761,385
3762,1011
3763,1629
3764,5145
3765,1516
3766,5594
3767,741
3768,5939
3769,6969
3770,5113
3771,5987
3772,4724
3773,2011
3774,5339
3775,6457
3776,2008
3777,7854
3778,7850
3779,5067
3780,739
3781,1487
3782,5059
3783,3111
3784,7421
3785,6936
3786,5858
3787,14
3788,6263
3789,5430
3790,7996
3791,6371
3792,5419
3793,3753
3794,7020
3795,7279
3796,7618
3797,6616
3798,7109
3799,3151
3800,6800
3801,6735
3802,6790
3803,571
3804,537
3805,6806
3806,3691
3807,7795
3808,2423
3809,6383
3810,928
3811,1479
3812,7571
3813,4715
3814,7696
3815,6084
3816,337
3817,5609
3818,5852
3819,3766
3820,4360
3821,1580
3822,5352
3823,927
3824,494
3825,7192
3826,5135
3827,5874
3828,7635
3829,7753
3830,2614
3831,2700
3832,964
3833,4816
3834,3326
3835,1392
3836,6864
3837,2187
3838,3987
3839,4349
3840,1511
3841,6880
3842,5218
3843,1007
3844,3997
3845,6870
3846,5351
3847,3982
3848,6926
3849,1744
3850,5028
3851,7478
3852,7772
3853,3686
3854,6317
3855,2372
3856,4692
3857,5025
3858,6432
3859,3674
3860,4207
3861,5651
3862,7859
3863,7248
3864,6900
3865,5457
3866,2918
3867,3191
3868,3771
3869,6543
3870,4375
3871,4491
3872,6156
3873,22
3874,3764
3875,1972
3876,6757
3877,2980
3878,6987
3879,2681
3880,2970
3881,6944
3882,2045
3883,706
3884,2711
3885,5624
3886,3281
3887,5896
3888,5889
3889,5593
3890,5924
3891,5787
3892,3515
3893,5770
3894,4542
3895,4943
3896,453
3897,7334
3898,2241
3899,5572
3900,1726
3901,1332
3902,507
3903,3281
3904,2250
3905,4580
3906,2586
3907,3341
3908,6734
3909,6696
3910,6143
3911,4345
3912,1048
3913,109
3914,1323
3915,5069
3916,3164
3917,821
3918,7702
3919,5790
3920,6617
3921,1875
3922,1758
3923,680
3924,4507
3925,3778
3926,2652
3927,318
3928,3545
3929,7713
3930,1107
3931,3211
3932,126
3933,5647
3934,6338
3935,3972
3936,6021
3937,2079
3938,5017
3939,1196
3940,7293
3941,2616
3942,6472
3943,2883
3944,1324
3945,1676
3946,562
3947,652
3948,1936
3949,6771
3950,3136
3951,186
3952,3009
3953,2275
3954,7314
3955,7798
3956,4018
3957,5518
3958,2897
3959,7311
3960,7190
3961,1688
3962,1952
3963,6207
3964,2783
3965,1716
3966,241
3967,1494
3968,289
3969,5338
3970,2548
3971,1478
3972,7509
3973,6119
3974,873
3975,5578
3976,2234
3977,7249
3978,471
3979,2419
3980,6870
3981,7876
3982,7317
3983,5968
3984,4763
3985,2910
3986,7557
3987,2105
3988,2276
3989,5188
3990,4705
3991,3512
3992,30
3993,7263
3994,5613
3995,4885
3996,3972
3997,2615
3998,7564
3999,2429
4000,4418
4001,4138
4002,5551
4003,3854
4004,1531
4005,6920
4006,6760
4007,2625
4008,806
4009,2702
4010,285
4011,437
4012,4883
4013,5054
4014,3927
4015,7444
4016,6540
4017,2519
4018,3578
4019,2212
4020,3926
4021,1654
4022,911
4023,492
4024,2007
4025,2569
4026,5693
4027,4032
4028,4625
4029,5035
4030,3671
4031,1068
4032,6028
4033,6306
4034,6862
4035,2553
4036,5778
4037,1329
4038,4679
4039,1439
4040,5012
4041,3865
4042,1736
4043,4359
4044,6122
4045,7667
4046,5195
4047,250
4048,2616
4049,6179
4050,4917
4051,7660
4052,3564
4053,1338
4054,7776
4055,1951
4056,4963
4057,938
4058,7701
4059,4534
4060,7083
4061,3430
4062,2837
4063,791
4064,5923
4065,4630
4066,2774
4067,443
4068,4031
4069,436
4070,2123
4071,3669
4072,5032
4073,5190
4074,3868
4075,540
4076,5824
4077,7864
4078,7605
4079,2423
4080,3907
4081,4117
4082,6906
4083,964
4084,7369
4085,5474
4086,5336
4087,1605
4088,6504
4089,1047
4090,183
4091,2792
4092,2806
4093,2875
4094,7052
4095,3058
4096,3372
4097,1435
4098,2058
4099,6663
4100,3302
4101,3494
4102,7288
4103,5592
4104,6086
4105,1832
4106,3358
4107,3049
4108,7225
4109,2657
4110,1241
4111,3646
4112,2129
4113,961
4114,5902
4115,2466
4116,786
4117,7811
4118,4731
4119,6995
4120,1608
4121,2083
4122,4393
4123,6605
4124,533
4125,5181
4126,894
4127,5489
4128,6729
4129,1796
4130,7343
4131,5394
4132,2538
4133,4635
4134,5074
4135,157
4136,659
4137,7187
4138,5457
4139,738
4140,184
4141,6402
4142,5306
4143,3203
4144,4807
4145,5628
4146,5428
4147,55
4148,4650
4149,7409
4150,6925
4151,3516
4152,7145
4153,1763
4154,5486
4155,471
4156,2349
4157,6082
4158,5616
4159,4489
4160,159
4161,2661
4162,1351
4163,7696
4164,1519
4165,4775
4166,924
4167,5206
4168,4273
4169,7132
4170,6073
4171,314
4172,5089
4173,7855
4174,3870
4175,5626
4176,7879
4177,473
4178,1968
4179,5946
4180,6774
4181,4096
4182,1233
4183,2483
4184,2734
4185,4778
4186,6603
4187,2299
4188,7009
4189,7900
4190,4837
4191,7084
4192,2067
4193,1555
4194,2776
4195,4020
4196,3290
4197,4510
4198,7964
4199,5497
4200,7493
4201,3606
4202,7899
4203,423
4204,473
4205,2556
4206,6727
4207,1047
4208,3638
4209,1773
4210,1671
4211,2077
4212,2457
4213,1028
4214,7820
4215,7534
4216,6267
4217,908
4218,1538
4219,6956
4220,7062
4221,1056
4222,2851
4223,5072
4224,2567
4225,354
4226,4901
4227,499
4228,7375
4229,6548
4230,3732
4231,4409
4232,6771
4233,6422
4234,1786
4235,3482
4236,3332
4237,6268
4238,7546
4239,7374
4240,6137
4241,5131
4242,7292
4243,6101
4244,7736
4245,273
4246,5186
4247,480
4248,4019
4249,2398
4250,1945
4251,3807
4252,2287
4253,2594
4254,300
4255,4968
4256,3360
4257,6180
4258,5747
4259,5313
4260,7473
4261,2077
4262,5512
4263,394
4264,6687
4265,303
4266,7578
4267,5130
4268,3845
4269,2693
4270,890
4271,1748
4272,7922
4273,4680
4274,4755
4275,4117
4276,4278
4277,3002
4278,4215
4279,7613
4280,2236
4281,2291
4282,7124
4283,2504
4284,1873
4285,5302
4286,5061
4287,6376
4288,1603
4289,3376
4290,6021
4291,721
4292,164
4293,5132
4294,4094
4295,7008
4296,1518
4297,7797
4298,6911
4299,361
4300,576
4301,1513
4302,5005
4303,7004
4304,263
4305,7671
4306,656
4307,3986
4308,7480
4309,5909
4310,4142
4311,7930
4312,5433
4313,7904
4314,7989
4315,411
4316,7967
4317,1968
4318,7090
4319,7109
4320,6994
4321,343
4322,1759
4323,5528
4324,1165
4325,7735
4326,3640
4327,1200
4328,898
4329,829
4330,6510
4331,5036
4332,666
4333,2494
4334,1589
4335,3418
4336,794
4337,6636
4338,2680
4339,4928
4340,5025
4341,5748
4342,2156
4343,5577
4344,6990
4345,4792
4346,1282
4347,1227
4348,318
4349,6948
4350,5878
4351,7665
4352,1331
4353,5359
4354,5253
4355,4618
4356,5648
4357,1840
4358,7995
4359,4716
4360,1984
4361,4122
4362,170
4363,3142
4364,5431
4365,1558
4366,7095
4367,2626
4368,4433
4369,5052
4370,2254
4371,6163
4372,7254
4373,6573
4374,7029
4375,5984
4376,6815
4377,1743
4378,6654
4379,4300
4380,7826
4381,3686
4382,2583
4383,3874
4384,1288
4385,3020
4386,315
4387,7514
4388,1744
4389,7949
4390,6283
4391,7178
4392,2189
4393,5153
4394,2999
4395,2604
4396,1082
4397,1030
4398,790
4399,5896
4400,5710
4401,7866
4402,3286
4403,3838
4404,3387
4405,1810
4406,6733
4407,2674
4408,5776
4409,3194
4410,3758
4411,4436
4412,4350
4413,10
4414,7703
4415,2890
4416,5303
4417,2944
4418,4998
4419,6013
4420,6962
4421,288
4422,3756
4423,4157
4424,6411
4425,5733
4426,5402
4427,1554
4428,968
4429,802
4430,1752
4431,96
4432,4023
4433,7994
4434,3157
4435,1590
4436,2034
4437,312
4438,6328
4439,3187
4440,3077
4441,3852
4442,3284
4443,3797
4444,5670
4445,1507
4446,5435
4447,3359
4448,2274
4449,7010
4450,5481
4451,3302
4452,473
4453,4542
4454,6177
4455,7033
4456,5664
4457,4474
4458,5206
4459,4907
4460,6468
4461,7422
4462,1791
4463,2367
4464,1710
4465,1809
4466,6477
4467,6446
4468,5218
4469,6323
4470,3705
4471,151
4472,1697
4473,4634
4474,2230
4475,196
4476,6703
4477,2439
4478,1926
4479,7764
4480,1903
4481,6467
4482,7529
4483,6283
4484,554
4485,6267
4486,3568
4487,7858
4488,4078
4489,3829
4490,1647
4491,1644
4492,5523
4493,4590
4494,4496
4495,2967
4496,2457
4497,2706
4498,2884
4499,4955
4500,1837
4501,7639
4502,5973
4503,2514
4504,2314
4505,7735
4506,5464
4507,1940
4508,573
4509,2376
4510,1854
4511,5278
4512,5313
4513,313
4514,6409
4515,2782
4516,3784
4517,2795
4518,667
4519,2589
4520,4955
4521,5417
4522,681
4523,6153
4524,6872
4525,7686
4526,7503
4527,350
4528,1947
4529,4370
4530,2302
4531,6769
4532,6072
4533,7928
4534,3216
4535,2521
4536,7396
4537,1143
4538,4348
4539,250
4540,4531
4541,4027
4542,1957
4543,5871
4544,251
4545,7192
4546,6029
4547,4435
4548,1624
4549,1826
4550,7462
4551,2028
4552,2953
4553,6763
4554,6025
4555,4405
4556,3704
4557,1818
4558,3584
4559,647
4560,2711
4561,4004
4562,7997
4563,99
4564,1702
4565,5482
4566,5358
4567,6494
4568,5777
4569,3695
4570,6376
4571,1642
4572,6197
4573,1844
4574,3136
4575,572
4576,1987
4577,7474
4578,889
4579,7647
4580,2877
4581,4212
4582,7255
4583,5845
4584,6622
4585,1486
4586,7058
4587,5477
4588,1238
4589,3325
4590,7782
4591,2438
4592,3827
4593,5725
4594,647
4595,3110
4596,4763
4597,4353
4598,1010
4599,1367
4600,7414
4601,7922
4602,671
4603,343
4604,2536
4605,2759
4606,5267
4607,4858
4608,5372
4609,4062
4610,6545
4611,1270
4612,6940
4613,4020
4614,1968
4615,6539
4616,957
4617,4903
4618,2696
4619,6733
4620,3607
4621,325
4622,3142
4623,1231
4624,6098
4625,5456
4626,6304
4627,3758
4628,6012
4629,3345
4630,6114
4631,6071
4632,1207
4633,1685
4634,742
4635,5750
4636,4208
4637,3464
4638,6817
4639,2076
4640,1545
4641,6893
4642,2650
4643,3660
4644,3289
4645,6200
4646,2295
4647,5890
4648,4169
4649,968
4650,6704
4651,4000
4652,5727
4653,2948
4654,5540
4655,1815
4656,3607
4657,5393
4658,906
4659,7918
4660,3373
4661,4205
4662,448
4663,7730
4664,56
4665,6763
4666,4287
4667,4730
4668,6896
4669,4299
4670,4592
4671,3542
4672,976
4673,4405
4674,3095
4675,1748
4676,5399
4677,4818
4678,5549
4679,6062
4680,2024
4681,7688
4682,6861
4683,5523
4684,3409
4685,5328
4686,6276
4687,1488
4688,1832
4689,2677
4690,1867
4691,1627
4692,4305
4693,6379
4694,5584
4695,6844
4696,989
4697,5065
4698,240
4699,3673
4700,2125
4701,7204
4702,2626
4703,1244
4704,3380
4705,4234
4706,2381
4707,67
4708,7610
4709,3608
4710,5657
4711,3075
4712,3325
4713,568
4714,6755
4715,4442
4716,7761
4717,6331
4718,6250
4719,112
4720,7528
4721,5519
4722,5734
4723,3945
4724,4045
4725,733
4726,2008
4727,6090
4728,4874
4729,2498
4730,7228
4731,3973
4732,106
4733,1575
4734,3100
4735,6754
4736,7513
4737,1919
4738,1790
4739,6156
4740,7015
4741,7324
4742,2494
4743,3638
4744,4139
4745,1135
4746,950
4747,5160
4748,5700
4749,3226
4750,4249
4751,5866
4752,699
4753,5299
4754,5983
4755,7819
4756,7172
4757,7128
4758,4378
4759,4814
4760,7204
4761,2922
4762,6440
4763,1266
4764,3500
4765,3368
4766,513
4767,2397
4768,5475
4769,7208
4770,5552
4771,7332
4772,7938
4773,6579
4774,5599
4775,5754
4776,3416
4777,4542
4778,779
4779,4594
4780,526
4781,6913
4782,5526
4783,754
4784,6469
4785,4470
4786,891
4787,3574
4788,5403
4789,7792
4790,7132
4791,1982
4792,2701
4793,598
4794,5559
4795,7510
4796,1782
4797,1978
4798,4471
4799,7680
4800,310
4801,7194
4802,3879
4803,3007
4804,6958
4805,5618
4806,769
4807,4930
4808,2983
4809,251
4810,101
4811,7788
4812,2962
4813,324
4814,2597
4815,6652
4816,5738
4817,556
4818,4477
4819,2398
4820,3190
4821,3129
4822,480
4823,5389
4824,6762
4825,3417
4826,2989
4827,2339
4828,5357
4829,7666
4830,7488
4831,4926
4832,5174
4833,2920
4834,7269
4835,145
4836,5007
4837,1323
4838,5608
4839,5572
4840,3644
4841,7097
4842,6984
4843,1225
4844,5429
4845,2743
4846,1162
4847,2749
4848,3854
4849,3944
4850,5289
4851,1398
4852,5879
4853,5319
4854,1194
4855,47
4856,2720
4857,391
4858,6670
4859,6093
4860,6389
4861,6885
4862,6241
4863,5581
4864,6855
4865,3174
4866,5936
4867,3789
4868,714
4869,7987
4870,5847
4871,1267
4872,7547
4873,5773
4874,5112
4875,6270
4876,666
4877,6702
4878,5896
4879,7399
4880,6549
4881,254
4882,6147
4883,7475
4884,1349
4885,7662
4886,4864
4887,6360
4888,5585
4889,6517
4890,6367
4891,4361
4892,4080
4893,7077
4894,3358
4895,3360
4896,5453
4897,6825
4898,971
4899,3559
4900,3523
4901,733
4902,3092
4903,6852
4904,1223
4905,2058
4906,5114
4907,5374
4908,2533
4909,7037
4910,6180
4911,2096
4912,4003
4913,1090
4914,6544
4915,2889
4916,7362
4917,3586
4918,932
4919,6524
4920,2210
4921,3190
4922,547
4923,5835
4924,453
4925,7623
4926,5947
4927,1260
4928,172
4929,1860
4930,4026
4931,981
4932,4061
4933,5055
4934,7329
4935,1833
4936,1734
4937,7109
4938,209
4939,4287
4940,1276
4941,2167
4942,1698
4943,7371
4944,4636
4945,7241
4946,2835
4947,5163
4948,1106
4949,3991
4950,5083
4951,7440
4952,7800
4953,2463
4954,7198
4955,5447
4956,5142
4957,2143
4958,1851
4959,6691
4960,1160
4961,7436
4962,2050
4963,6537
4964,6525
4965,2284
4966,3459
4967,5592
4968,6427
4969,3793
4970,129
4971,6322
4972,7552
4973,1650
4974,4102
4975,108
4976,7396
4977,5095
4978,5200
4979,7630
4980,7642
4981,7552
4982,5481
4983,5831
4984,5557
4985,4035
4986,7828
4987,3056
4988,4231
4989,6465
4990,3107
4991,955
4992,517
4993,6996
4994,7590
4995,632
4996,6534
4997,6839
4998,6590
4999,5123
5000,4266
5001,3842
5002,6415
5003,1230
5004,6936
5005,5248
5006,5716
5007,6087
5008,3295
5009,5615
5010,4748
5011,7845
5012,1342
5013,1235
5014,4818
5015,5652
5016,6207
5017,1143
5018,1290
5019,1531
5020,2813
5021,4545
5022,7479
5023,2726
5024,2759
5025,7217
5026,6378
5027,1557
5028,6429
5029,6582
5030,6165
5031,5024
5032,1367
5033,5997
5034,5630
5035,2821
5036,5285
5037,2871
5038,2063
5039,6992
5040,497
5041,3125
5042,6218
5043,870
5044,4833
5045,482
5046,1625
5047,173
5048,3704
5049,1294
5050,2307
5051,1563
5052,284
5053,1587
5054,6139
5055,922
5056,3634
5057,1782
5058,6611
5059,2197
5060,741
5061,2939
5062,6286
5063,5666
5064,5510
5065,3557
5066,5842
5067,6604
5068,6478
5069,2025
5070,7100
5071,5243
5072,7486
5073,7949
5074,6350
5075,1602
5076,935
5077,2435
5078,579
5079,2693
5080,2950
5081,3676
5082,3716
5083,5637
5084,5959
5085,2987
5086,5427
5087,2186
5088,5802
5089,5815
5090,5859
5091,2092
5092,6275
5093,5084
5094,2731
5095,2557
5096,3099
5097,7742
5098,3600
5099,3478
5100,7605
5101,7659
5102,1311
5103,7997
5104,2603
5105,2380
5106,2204
5107,7984
5108,1398
5109,2824
5110,2772
5111,5009
5112,5452
5113,6582
5114,463
5115,6381
5116,7779
5117,3068
5118,7458
5119,7274
5120,7572
5121,4553
5122,3681
5123,5645
5124,4251
5125,235
5126,6769
5127,3302
5128,7099
5129,4109
5130,5242
5131,6617
5132,2046
5133,1297
5134,4284
5135,3081
5136,6490
5137,7686
5138,569
5139,2658
5140,4143
5141,6598
5142,6736
5143,3907
5144,5101
5145,4207
5146,4266
5147,5127
5148,1683
5149,2236
5150,3405
5151,7471
5152,3794
5153,1023
5154,6670
5155,5933
5156,5648
5157,6717
5158,4963
5159,4687
5160,4232
5161,1254
5162,4118
5163,5574
5164,7310
5165,5615
5166,854
5167,1875
5168,1136
5169,334
5170,4840
5171,3149
5172,2744
5173,3409
5174,3323
5175,2129
5176,3087
5177,1244
5178,5080
5179,4742
5180,7484
5181,4029
5182,7032
5183,1675
5184,7817
5185,1261
5186,47
5187,4416
5188,6726
5189,3494
5190,7175
5191,7726
5192,1639
5193,3739
5194,4712
5195,2644
5196,6280
5197,3481
5198,1138
5199,7887
5200,658
5201,4536
5202,5101
5203,741
5204,5109
5205,2941
5206,3096
5207,3117
5208,213
5209,720
5210,6174
5211,6431
5212,2241
5213,2132
5214,550
5215,5044
5216,542
5217,7592
5218,4041
5219,3193
5220,3746
5221,2234
5222,799
5223,5174
5224,6908
5225,1667
5226,2930
5227,4917
5228,6289
5229,4450
5230,4372
5231,3441
5232,674
5233,2841
5234,3341
5235,5981
5236,5321
5237,3806
5238,6764
5239,4237
5240,2338
5241,5983
5242,6718
5243,3397
5244,2247
5245,3862
5246,5789
5247,5597
5248,2291
5249,7684
5250,1504
5251,461
5252,7752
5253,2893
5254,6960
5255,6299
5256,6507
5257,7407
5258,5882
5259,7646
5260,5709
5261,3360
5262,6400
5263,1133
5264,1541
5265,7044
5266,3147
5267,6889
5268,7065
5269,3464
5270,699
5271,3428
5272,6428
5273,4062
5274,2686
5275,237
5276,2865
5277,4565
5278,159
5279,7674
5280,3437
5281,4371
5282,2678
5283,7216
5284,1371
5285,6898
5286,2942
5287,6481
5288,5593
5289,4277
5290,4867
5291,7426
5292,4255
5293,4966
5294,7802
5295,4216
5296,4064
5297,7501
5298,1835
5299,7679
5300,3849
5301,5582
5302,3273
5303,4327
5304,1702
5305,1632
5306,4450
5307,3787
5308,5220
5309,4838
5310,5809
5311,6655
5312,2545
5313,7020
5314,2257
5315,917
5316,6271
5317,1855
5318,4812
5319,6412
5320,1384
5321,7081
5322,1042
5323,4566
5324,4460
5325,1863
5326,2245
5327,4101
5328,1173
5329,3465
5330,945
5331,3345
5332,1851
5333,5254
5334,985
5335,7176
5336,3748
5337,122
5338,556
5339,6994
5340,2499
5341,1245
5342,6167
5343,288
5344,7393
5345,1184
5346,1012
5347,2289
5348,3929
5349,6662
5350,4640
5351,7425
5352,7229
5353,6941
5354,1706
5355,6926
5356,2967
5357,3865
5358,6310
5359,3271
5360,6922
5361,2763
5362,226
5363,6548
5364,4182
5365,7299
5366,6576
5367,7613
5368,7161
5369,3903
5370,4450
5371,120
5372,51
5373,6926
5374,5908
5375,3281
5376,7395
5377,5573
5378,995
5379,376
5380,4109
5381,6045
5382,6012
5383,1122
5384,4221
5385,3304
5386,7503
5387,1757
5388,2884
5389,4526
5390,1889
5391,949
5392,1313
5393,7208
5394,5633
5395,6587
5396,7164
5397,2648
5398,7058
5399,4664
5400,3723
5401,1731
5402,903
5403,4974
5404,3799
5405,5452
5406,6894
5407,4039
5408,5593
5409,1903
5410,2147
5411,2141
5412,5950
5413,5142
5414,5093
5415,2789
5416,6090
5417,5979
5418,1413
5419,1848
5420,4313
5421,5851
5422,762
5423,7936
5424,1984
5425,2995
5426,6930
5427,6907
5428,2257
5429,1242
5430,3139
5431,4847
5432,637
5433,1627
5434,7264
5435,1067
5436,5396
5437,6701
5438,6247
5439,4533
5440,6889
5441,7344
5442,2231
5443,3733
5444,4177
5445,3974
5446,222
5447,2045
5448,6601
5449,5900
5450,6544
5451,4371
5452,1335
5453,4852
5454,693
5455,3165
5456,2313
5457,833
5458,7193
5459,6344
5460,6138
5461,413
5462,7623
5463,4181
5464,307
5465,7130
5466,2415
5467,3489
5468,4750
5469,4803
5470,4868
5471,5391
5472,2549
5473,799
5474,6179
5475,7124
5476,2153
5477,5506
5478,109
5479,3742
5480,3871
5481,7567
5482,6069
5483,2146
5484,4485
5485,6157
5486,2517
5487,5056
5488,2018
5489,1765
5490,1563
5491,2198
5492,7707
5493,6838
5494,2145
5495,2078
5496,1937
5497,2389
5498,5626
5499,7428
5500,4584
5501,4452
5502,6792
5503,2697
5504,5411
5505,5069
5506,6891
5507,4877
5508,6763
5509,7580
5510,6676
5511,1404
5512,3886
5513,6774
5514,7607
5515,5848
5516,4964
5517,954
5518,7583
5519,4702
5520,1133
5521,3315
5522,4955
5523,3160
5524,2071
5525,1271
5526,7830
5527,3262
5528,2555
5529,3231
5530,4741
5531,4298
5532,6726
5533,5410
5534,4281
5535,4951
5536,1494
5537,2384
5538,5780
5539,4533
5540,2490
5541,3625
5542,1688
5543,5388
5544,6364
5545,408
5546,6107
5547,1577
5548,699
5549,3983
5550,7127
5551,3754
5552,7056
5553,5440
5554,670
5555,7362
5556,1106
5557,1909
5558,1450
5559,6378
5560,5973
5561,4236
5562,146
5563,5541
5564,5837
5565,6675
5566,5401
5567,2221
5568,4529
5569,3580
5570,4193
5571,2175
5572,3323
5573,6653
5574,4733
5575,512
5576,4044
5577,5382
5578,3171
5579,1483
5580,4139
5581,6624
5582,1280
5583,2008
5584,5678
5585,5983
5586,2662
5587,522
5588,5233
5589,6659
5590,2337
5591,2645
5592,5059
5593,5553
5594,3623
5595,7241
5596,5345
5597,5065
5598,6637
5599,4736
5600,3738
5601,2403
5602,7638
5603,672
5604,2449
5605,5547
5606,4742
5607,654
5608,4321
5609,7894
5610,5589
5611,5744
5612,7899
5613,384
5614,7200
5615,6044
5616,6890
5617,5348
5618,2361
5619,2018
5620,472
5621,7671
5622,6206
5623,3186
5624,297
5625,7841
5626,2951
5627,7468
5628,5285
5629,537
5630,2809
5631,5443
5632,7220
5633,1244
5634,6648
5635,1228
5636,1889
5637,2889
5638,7353
5639,6697
5640,3969
5641,5468
5642,3957
5643,7500
5644,5549
5645,5317
5646,1657
5647,7338
5648,3690
5649,2788
5650,3738
5651,958
5652,4714
5653,7844
5654,1031
5655,4535
5656,2476
5657,2481
5658,2359
5659,64
5660,702
5661,2391
5662,6848
5663,7529
5664,354
5665,3384
5666,6217
5667,5239
5668,6863
5669,1770
5670,2968
5671,4613
5672,5710
5673,1067
5674,4037
5675,2197
5676,4485
5677,3649
5678,4624
5679,2359
5680,2961
5681,3443
5682,4686
5683,532
5684,5388
5685,4765
5686,7230
5687,3863
5688,3438
5689,2036
5690,5305
5691,2937
5692,7951
5693,7255
5694,3592
5695,40
5696,4298
5697,333
5698,1168
5699,532
5700,3390
5701,2145
5702,7016
5703,790
5704,6254
5705,599
5706,1739
5707,1981
5708,4552
5709,1290
5710,6377
5711,1909
5712,7619
5713,2531
5714,6296
5715,4694
5716,2465
5717,4280
5718,2855
5719,1799
5720,1428
5721,6910
5722,4755
5723,333
5724,2045
5725,6445
5726,3539
5727,1268
5728,5711
5729,6511
5730,5262
5731,7320
5732,2386
5733,5828
5734,685
5735,7248
5736,5700
5737,6837
5738,6474
5739,3000
5740,1306
5741,3954
5742,7367
5743,218
5744,6436
5745,2634
5746,7740
5747,6200
5748,4622
5749,3719
5750,4744
5751,505
5752,6850
5753,5092
5754,1672
5755,5358
5756,3179
5757,5676
5758,870
5759,2943
5760,7061
5761,5233
5762,1545
5763,54
5764,880
5765,7013
5766,426
5767,5992
5768,1459
5769,1432
5770,6023
5771,7867
5772,3166
5773,7054
5774,7728
5775,7385
5776,4631
5777,4604
5778,2110
5779,2864
5780,4854
5781,5471
5782,4067
5783,3107
5784,1564
5785,7034
5786,5469
5787,3088
5788,7486
5789,7338
5790,3077
5791,6334
5792,1920
5793,4647
5794,3844
5795,1955
5796,188
5797,3801
5798,2532
5799,4304
5800,737
5801,4884
5802,4484
5803,1018
5804,5560
5805,562
5806,4006
5807,6054
5808,4034
5809,1100
5810,1506
5811,7856
5812,2430
5813,213
5814,7038
5815,3319
5816,2247
5817,5138
5818,7509
5819,6632
5820,5913
5821,2297
5822,4851
5823,6310
5824,7540
5825,2150
5826,6787
5827,2131
5828,6041
5829,6900
5830,2015
5831,5886
5832,5873
5833,126
5834,1735
5835,4777
5836,5773
5837,5746
5838,1902
5839,1205
5840,3656
5841,334
5842,621
5843,5996
5844,649
5845,4347
5846,2586
5847,6891
5848,2341
5849,4866
5850,4788
5851,7530
5852,6497
5853,367
5854,7349
5855,3306
5856,7957
5857,4033
5858,394
5859,6202
5860,4843
5861,6026
5862,7135
5863,3877
5864,711
5865,298
5866,3731
5867,1595
5868,6913
5869,418
5870,1867
5871,1466
5872,6413
5873,5975
5874,6499
5875,5274
5876,7996
5877,7014
5878,2622
5879,2674
5880,5019
5881,3614
5882,5502
5883,3594
5884,5241
5885,2910
5886,1359
5887,6910
5888,3079
5889,5388
5890,2014
5891,5515
5892,1176
5893,4783
5894,4008
5895,6073
5896,6663
5897,6378
5898,5613
5899,3365
5900,5751
5901,406
5902,5187
5903,3306
5904,3573
5905,314
5906,7622
5907,108
5908,2746
5909,5994
5910,7725
5911,5376
5912,142
5913,7097
5914,1144
5915,3195
5916,3206
5917,3867
5918,4677
5919,4182
5920,3822
5921,5596
5922,5058
5923,4923
5924,4609
5925,3831
5926,3325
5927,2030
5928,5909
5929,1940
5930,6488
5931,5019
5932,7572
5933,354
5934,2328
5935,3576
5936,2276
5937,5836
5938,7772
5939,2198
5940,616
5941,7066
5942,1066
5943,7242
5944,224
5945,5159
5946,1189
5947,2994
5948,2796
5949,3387
5950,2203
5951,5222
5952,4654
5953,7236
5954,6267
5955,7741
5956,1292
5957,758
5958,803
5959,2361
5960,2645
5961,7420
5962,536
5963,3664
5964,5947
5965,2521
5966,2127
5967,2456
5968,1726
5969,160
5970,7080
5971,1357
5972,2218
5973,3916
5974,3066
5975,2
5976,5943
5977,3197
5978,7369
5979,6819
5980,7310
5981,7760
5982,6356
5983,5602
5984,7595
5985,6361
5986,1419
5987,1030
5988,5789
5989,6015
5990,5982
5991,268
5992,3947
5993,7733
5994,2737
5995,5433
5996,6225
5997,2321
5998,428
5999,637
6000,2343
6001,3978
6002,686
6003,3333
6004,7907
6005,6547
6006,7329
6007,7518
6008,53
6009,3598
6010,4072
6011,3521
6012,1232
6013,6319
6014,2229
6015,6399
6016,329
6017,1710
6018,5688
6019,650
6020,3927
6021,1320
6022,7922
6023,4573
6024,315
6025,7763
6026,4328
6027,5385
6028,3129
6029,1372
6030,7538
6031,7262
6032,1348
6033,2719
6034,7411
6035,1266
6036,6327
6037,4482
6038,611
6039,3281
6040,5312
6041,2095
6042,1735
6043,7041
6044,7895
6045,1580
6046,7042
6047,1200
6048,1772
6049,1880
6050,4677
6051,6396
6052,7775
6053,5764
6054,5731
6055,3679
6056,1257
6057,6379
6058,4416
6059,1717
6060,1944
6061,4367
6062,3751
6063,5740
6064,3063
6065,2610
6066,3449
6067,135
6068,1867
6069,239
6070,4419
6071,2255
6072,6586
6073,243
6074,361
6075,5206
6076,6343
6077,7514
6078,6463
6079,4841
6080,1400
6081,2026
6082,6455
6083,4689
6084,4697
6085,742
6086,7156
6087,7622
6088,2905
6089,4432
6090,6269
6091,3377
6092,6993
6093,1215
6094,5901
6095,3036
6096,4133
6097,1304
6098,3719
6099,3193
6100,1347
6101,4524
6102,7942
6103,4748
6104,137
6105,7406
6106,1683
6107,2037
6108,2883
6109,5903
6110,5936
6111,6046
6112,2385
6113,4280
6114,2385
6115,3325
6116,5351
6117,7651
6118,6250
6119,7878
6120,5487
6121,1879
6122,3747
6123,3633
6124,5705
6125,1342
6126,7401
6127,5539
6128,7218
6129,420
6130,5406
6131,6332
6132,6914
6133,5710
6134,2608
6135,6396
6136,1679
6137,6517
6138,3207
6139,1618
6140,6768
6141,7518
6142,1688
6143,6275
6144,28
6145,4759
6146,727
6147,5555
6148,240
6149,527
6150,4745
6151,4436
6152,1423
6153,1939
6154,3127
6155,6696
6156,6435
6157,7393
6158,1790
6159,7220
6160,1602
6161,5482
6162,4356
6163,6787
6164,3693
6165,2089
6166,2437
6167,6291
6168,4914
6169,1691
6170,5387
6171,6049
6172,1265
6173,794
6174,2876
6175,2828
6176,4923
6177,1818
6178,909
6179,4584
6180,1558
6181,4030
6182,5205
6183,2978
6184,221
6185,1432
6186,6716
6187,7115
6188,708
6189,4156
6190,1170
6191,5315
6192,7226
6193,2239
6194,7996
6195,5891
6196,1767
6197,401
6198,3208
6199,2630
6200,5653
6201,2676
6202,2082
6203,853
6204,7338
6205,280
6206,6816
6207,7214
6208,1555
6209,6549
6210,7160
6211,4560
6212,61
6213,4612
6214,1297
6215,2150
6216,7293
6217,4283
6218,7030
6219,5645
6220,6032
6221,5347
6222,5799
6223,68
6224,444
6225,7671
6226,4874
6227,5935
6228,3029
6229,2330
6230,1663
6231,6984
6232,1243
6233,6101
6234,2961
6235,4003
6236,4481
6237,1517
6238,5704
6239,7771
6240,6921
6241,1693
6242,1051
6243,1054
6244,5706
6245,4917
6246,5378
6247,2706
6248,147
6249,719
6250,3114
6251,355
6252,3370
6253,3497
6254,6338
6255,6699
6256,4397
6257,676
6258,1330
6259,956
6260,1306
6261,792
6262,4908
6263,1613
6264,298
6265,1554
6266,5082
6267,4734
6268,151
6269,5803
6270,4535
6271,6857
6272,6207
6273,5382
6274,5626
6275,263
6276,5537
6277,3941
6278,4844
6279,2268
6280,1924
6281,6696
6282,2843
6283,3969
6284,7542
6285,1956
6286,3495
6287,6956
6288,754
6289,4508
6290,57
6291,5278
6292,5467
6293,2783
6294,7764
6295,4233
6296,6885
6297,7166
6298,899
6299,347
6300,1427
6301,3047
6302,1586
6303,6635
6304,4762
6305,1186
6306,3865
6307,3583
6308,6885
6309,3496
6310,19
6311,1848
6312,306
6313,3739
6314,2893
6315,4571
6316,3929
6317,4327
6318,7961
6319,3260
6320,4525
6321,6771
6322,1570
6323,4809
6324,4987
6325,5315
6326,3834
6327,2288
6328,2096
6329,3565
6330,1424
6331,7150
6332,1495
6333,6389
6334,3261
6335,1077
6336,2751
6337,7112
6338,253
6339,7609
6340,4282
6341,7250
6342,6587
6343,7384
6344,706
6345,7228
6346,3396
6347,7716
6348,7159
6349,3909
6350,2462
6351,7950
6352,3204
6353,1980
6354,3570
6355,7856
6356,3551
6357,2967
6358,5924
6359,2678
6360,2542
6361,2611
6362,2051
6363,4906
6364,4359
6365,2665
6366,1500
6367,220
6368,336
6369,7241
6370,2217
6371,5162
6372,1093
6373,7478
6374,4263
6375,945
6376,2136
6377,3806
6378,5445
6379,144
6380,2803
6381,4820
6382,5496
6383,533
6384,5913
6385,6987
6386,1323
6387,5511
6388,170
6389,881
6390,660
6391,1232
6392,6341
6393,869
6394,738
6395,5316
6396,1096
6397,3351
6398,5906
6399,3090
6400,1907
6401,1979
6402,1377
6403,5382
6404,42
6405,7466
6406,7068
6407,2104
6408,7577
6409,5717
6410,1747
6411,4309
6412,3186
6413,7334
6414,3436
6415,519
6416,6993
6417,1205
6418,1939
6419,7684
6420,5633
6421,5603
6422,4687
6423,3632
6424,6744
6425,2327
6426,4592
6427,944
6428,6077
6429,1939
6430,677
6431,3725
6432,5770
6433,6834
6434,4074
6435,256
6436,5516
6437,192
6438,1246
6439,160
6440,2087
6441,3317
6442,7666
6443,4389
6444,7127
6445,3984
6446,3966
6447,4952
6448,1489
6449,1101
6450,6254
6451,1049
6452,5064
6453,2434
6454,2137
6455,4556
6456,2891
6457,2204
6458,6578
6459,7585
6460,523
6461,4144
6462,1303
6463,7615
6464,4539
6465,7552
6466,4295
6467,1165
6468,7120
6469,1613
6470,4209
6471,1949
6472,488
6473,6036
6474,4583
6475,4533
6476,1223
6477,6694
6478,2225
6479,7290
6480,3068
6481,3495
6482,2494
6483,1467
6484,6626
6485,7331
6486,3894
6487,151
6488,2690
6489,3656
6490,5226
6491,7437
6492,4246
6493,3844
6494,3373
6495,542
6496,7208
6497,6972
6498,5180
6499,5153
6500,1945
6501,1765
6502,3352
6503,2147
6504,6654
6505,579
6506,5173
6507,1400
6508,933
6509,1724
6510,6410
6511,4642
6512,5365
6513,6424
6514,5897
6515,2205
6516,5875
6517,4248
6518,2729
6519,2373
6520,6817
6521,7919
6522,7646
6523,4645
6524,257
6525,1953
6526,4907
6527,7837
6528,1591
6529,1527
6530,1741
6531,623
6532,204
6533,2332
6534,2840
6535,806
6536,6031
6537,3352
6538,7008
6539,1187
6540,150
6541,4838
6542,2318
6543,1285
6544,4130
6545,4211
6546,1170
6547,7220
6548,4960
6549,2102
6550,5175
6551,5835
6552,12
6553,6886
6554,5522
6555,2016
6556,7216
6557,5277
6558,3732
6559,7088
6560,6666
6561,647
6562,639
6563,7468
6564,3468
6565,1926
6566,4853
6567,4442
6568,1405
6569,5286
6570,5484
6571,6698
6572,2109
6573,4984
6574,2878
6575,7830
6576,7717
6577,2701
6578,5853
6579,3764
6580,4877
6581,6353
6582,4324
6583,7579
6584,7271
6585,641
6586,776
6587,5744
6588,3912
6589,3594
6590,2285
6591,6220
6592,1991
6593,3328
6594,6933
6595,395
6596,1918
6597,2423
6598,1267
6599,5300
6600,494
6601,898
6602,7070
6603,6784
6604,5951
6605,6662
6606,5921
6607,7497
6608,6628
6609,4345
6610,2159
6611,2640
6612,2461
6613,6076
6614,5364
6615,6891
6616,150
6617,19
6618,7750
6619,713
6620,6061
6621,5885
6622,7674
6623,3363
6624,2449
6625,4660
6626,1299
6627,3970
6628,3717
6629,5827
6630,4630
6631,871
6632,3844
6633,2687
6634,3769
6635,7962
6636,4863
6637,5987
6638,5049
6639,7570
6640,4930
6641,268
6642,4427
6643,3325
6644,5492
6645,2253
6646,42
6647,2734
6648,317
6649,1776
6650,3279
6651,417
6652,4546
6653,3274
6654,703
6655,7403
6656,1932
6657,7546
6658,5758
6659,1090
6660,7174
6661,6782
6662,4385
6663,5478
6664,6309
6665,5297
6666,1665
6667,6380
6668,4578
6669,6501
6670,1804
6671,2661
6672,7651
6673,7961
6674,3765
6675,2607
6676,7480
6677,6487
6678,1163
6679,7703
6680,1344
6681,429
6682,1640
6683,3434
6684,3628
6685,4869
6686,2752
6687,5719
6688,6363
6689,931
6690,3865
6691,5314
6692,2789
6693,3963
6694,5337
6695,2343
6696,7668
6697,429
6698,443
6699,2089
6700,4747
6701,7262
6702,7644
6703,7863
6704,2538
6705,7476
6706,4530
6707,5977
6708,74
6709,941
6710,7067
6711,2077
6712,323
6713,1053
6714,6803
6715,4888
6716,6350
6717,4674
6718,2432
6719,7195
6720,1892
6721,3717
6722,936
6723,6004
6724,7493
6725,2768
6726,7362
6727,4894
6728,6932
6729,5510
6730,1706
6731,4614
6732,6431
6733,2212
6734,5805
6735,5946
6736,6141
6737,1842
6738,5060
6739,1840
6740,593
6741,1765
6742,734
6743,4017
6744,2667
6745,6164
6746,6742
6747,7520
6748,4749
6749,3989
6750,7748
6751,5483
6752,7370
6753,5428
6754,6511
6755,2637
6756,5962
6757,7823
6758,6304
6759,5501
6760,747
6761,4305
6762,850
6763,2102
6764,2
6765,5001
6766,4037
6767,7268
6768,4607
6769,7270
6770,7665
6771,232
6772,6574
6773,785
6774,984
6775,4232
6776,2266
6777,2151
6778,7860
6779,1974
6780,3724
6781,5586
6782,3216
6783,1531
6784,2929
6785,5123
6786,1203
6787,6400
6788,6233
6789,2318
6790,2230
6791,2873
6792,1820
6793,97
6794,7735
6795,1199
6796,3863
6797,34
6798,2854
6799,4904
6800,4564
6801,6757
6802,6269
6803,2356
6804,3912
6805,7175
6806,2188
6807,3735
6808,949
6809,7081
6810,1010
6811,7054
6812,1712
6813,4428
6814,7656
6815,5312
6816,2621
6817,2374
6818,3063
6819,5763
6820,6742
6821,5983
6822,7818
6823,6983
6824,6858
6825,2571
6826,3038
6827,5795
6828,6403
6829,6851
6830,3733
6831,7546
6832,3552
6833,194
6834,6250
6835,1225
6836,6848
6837,2905
6838,3135
6839,4048
6840,3296
6841,6767
6842,3155
6843,4955
6844,6556
6845,409
6846,4943
6847,812
6848,1746
6849,5906
6850,2239
6851,1351
6852,5796
6853,2839
6854,3742
6855,7130
6856,2075
6857,1633
6858,7626
6859,7430
6860,5481
6861,3200
6862,2006
6863,334
6864,4295
6865,1745
6866,5950
6867,1115
6868,4605
6869,4764
6870,3701
6871,5929
6872,2048
6873,1612
6874,6043
6875,4946
6876,3701
6877,4683
6878,3915
6879,7285
6880,6228
6881,1466
6882,5840
6883,6083
6884,4455
6885,4874
6886,2551
6887,6246
6888,2546
6889,2810
6890,5503
6891,6350
6892,429
6893,7213
6894,2157
6895,3096
6896,877
6897,5735
6898,6012
6899,1181
6900,2337
6901,6756
6902,434
6903,3477
6904,7223
6905,1365
6906,2638
6907,2599
6908,4766
6909,7672
6910,6750
6911,5518
6912,7399
6913,4882
6914,4268
6915,7785
6916,3269
6917,7500
6918,2840
6919,4447
6920,307
6921,3688
6922,7425
6923,6316
6924,2420
6925,5918
6926,2525
6927,7117
6928,758
6929,2391
6930,2153
6931,6596
6932,3088
6933,3525
6934,7482
6935,2761
6936,1130
6937,7133
6938,7729
6939,4301
6940,1148
6941,306
6942,6156
6943,2731
6944,4591
6945,3311
6946,2714
6947,2478
6948,5471
6949,113
6950,1671
6951,6713
6952,1730
6953,895
6954,5845
6955,5271
6956,994
6957,2854
6958,3947
6959,2720
6960,1286
6961,2805
6962,3655
6963,6084
6964,1711
6965,2514
6966,5840
6967,4535
6968,3198
6969,824
6970,6663
6971,3321
6972,3059
6973,6350
6974,219
6975,3777
6976,784
6977,6244
6978,4571
6979,6149
6980,3803
6981,5836
6982,1286
6983,872
6984,451
6985,4819
6986,5118
6987,2561
6988,4826
6989,2267
6990,4507
6991,6788
6992,6401
6993,342
6994,2588
6995,272
6996,5665
6997,929
6998,3001
6999,5716
7000,1877
7001,2555
7002,724
7003,1502
7004,6886
7005,2208
7006,3917
7007,3202
7008,174
7009,6
7010,3317
7011,7075
7012,6621
7013,3443
7014,5146
7015,6305
7016,3930
7017,7801
7018,7041
7019,3423
7020,1729
7021,976
7022,3633
7023,2287
7024,7243
7025,7374
7026,620
7027,3613
7028,1675
7029,6597
7030,2105
7031,7765
7032,5781
7033,4665
7034,7452
7035,4978
7036,7993
7037,1212
7038,7144
7039,6564
7040,7981
7041,2600
7042,5611
7043,3452
7044,3144
7045,3385
7046,7303
7047,471
7048,1451
7049,7492
7050,4704
7051,3109
7052,3706
7053,4248
7054,6193
7055,5013
7056,2248
7057,112
7058,4089
7059,7711
7060,1489
7061,1745
7062,7251
7063,5357
7064,2592
7065,2758
7066,4324
7067,2342
7068,4433
7069,4342
7070,4206
7071,7065
7072,7473
7073,159
7074,4737
7075,2755
7076,5889
7077,3185
7078,4624
7079,2878
7080,3162
7081,3913
7082,5921
7083,3782
7084,6890
7085,2056
7086,6046
7087,7272
7088,1500
7089,1360
7090,7625
7091,3401
7092,6678
7093,3163
7094,6669
7095,2320
7096,6748
7097,759
7098,6895
7099,497
7100,914
7101,2722
7102,3363
7103,279
7104,3806
7105,1982
7106,7611
7107,5933
7108,7532
7109,6705
7110,6138
7111,1098
7112,203
7113,4379
7114,3783
7115,2359
7116,4532
7117,4149
7118,893
7119,925
7120,7403
7121,3715
7122,7071
7123,4816
7124,191
7125,4213
7126,41
7127,1970
7128,7467
7129,6176
7130,6658
7131,7173
7132,6623
7133,6419
7134,7501
7135,1361
7136,5208
7137,6937
7138,6494
7139,7214
7140,363
7141,5003
7142,7561
7143,5871
7144,930
7145,7311
7146,5271
7147,3115
7148,1469
7149,1393
7150,1170
7151,4649
7152,4890
7153,4444
7154,5312
7155,1383
7156,5999
7157,5108
7158,5932
7159,2247
7160,4275
7161,2195
7162,3487
7163,2199
7164,2844
7165,3743
7166,2350
7167,2235
7168,4036
7169,4933
7170,4269
7171,633
7172,3941
7173,5780
7174,7425
7175,3681
7176,6467
7177,1912
7178,5459
7179,535
7180,5161
7181,529
7182,7649
7183,5375
7184,1483
7185,2351
7186,4462
7187,4867
7188,4554
7189,4332
7190,2778
7191,1604
7192,5335
7193,935
7194,7436
7195,3674
7196,4655
7197,7064
7198,4683
7199,3274
7200,6468
7201,1621
7202,1004
7203,7107
7204,2748
7205,2528
7206,4390
7207,6869
7208,6354
7209,4842
7210,3777
7211,4335
7212,1627
7213,4713
7214,3437
7215,6547
7216,5731
7217,81
7218,495
7219,2584
7220,2934
7221,7154
7222,6326
7223,6747
7224,6330
7225,4461
7226,2188
7227,5956
7228,5241
7229,6676
7230,7464
7231,6704
7232,7485
7233,2525
7234,1504
7235,0
7236,7572
7237,3331
7238,5563
7239,4413
7240,3635
7241,3706
7242,101
7243,2023
7244,6071
7245,5709
7246,5628
7247,6553
7248,1478
7249,1109
7250,4935
7251,4826
7252,7380
7253,6103
7254,4294
7255,7490
7256,6402
7257,7675
7258,4324
7259,1478
7260,7009
7261,3173
7262,3913
7263,6755
7264,2131
7265,7474
7266,5900
7267,4643
7268,1490
7269,5009
7270,7302
7271,2831
7272,2635
7273,6587
7274,3009
7275,2226
7276,5922
7277,2704
7278,3344
7279,3973
7280,5337
7281,3600
7282,2744
7283,7996
7284,1355
7285,3250
7286,2764
7287,6636
7288,978
7289,2725
7290,598
7291,983
7292,712
7293,3040
7294,177
7295,1878
7296,4651
7297,680
7298,5940
7299,2465
7300,6618
7301,2334
7302,3017
7303,5502
7304,5116
7305,3586
7306,7067
7307,5316
7308,2816
7309,520
7310,1197
7311,1355
7312,5886
7313,6933
7314,7176
7315,3955
7316,1276
7317,214
7318,1101
7319,845
7320,4365
7321,2813
7322,2216
7323,2409
7324,4565
7325,7130
7326,2085
7327,765
7328,2727
7329,7122
7330,5853
7331,494
7332,2767
7333,1406
7334,6408
7335,4478
7336,3243
7337,4514
7338,2486
7339,3859
7340,4980
7341,2696
7342,1625
7343,2400
7344,6299
7345,632
7346,7162
7347,2482
7348,718
7349,2199
7350,6476
7351,2073
7352,5593
7353,7898
7354,5342
7355,3121
7356,7593
7357,677
7358,3689
7359,1740
7360,3373
7361,5764
7362,1481
7363,1341
7364,1813
7365,7748
7366,3465
7367,3652
7368,572
7369,4591
7370,6295
7371,2833
7372,6562
7373,6435
7374,854
7375,2487
7376,3282
7377,7502
7378,1427
7379,6894
7380,995
7381,2824
7382,5391
7383,1284
7384,2841
7385,7885
7386,1082
7387,930
7388,747
7389,7638
7390,833
7391,887
7392,2143
7393,3538
7394,6718
7395,1859
7396,786
7397,5510
7398,590
7399,642
7400,7380
7401,7358
7402,5889
7403,4147
7404,6191
7405,3950
7406,1642
7407,2499
7408,6280
7409,682
7410,3029
7411,7835
7412,1503
7413,4287
7414,1048
7415,7555
7416,49
7417,4204
7418,66
7419,4209
7420,4605
7421,3264
7422,2033
7423,2610
7424,2595
7425,6865
7426,1024
7427,6516
7428,7847
7429,6678
7430,1628
7431,6638
7432,3541
7433,4066
7434,6200
7435,7276
7436,1535
7437,382
7438,1879
7439,3642
7440,5922
7441,2209
7442,6982
7443,4461
7444,5863
7445,7950
7446,6060
7447,7689
7448,5893
7449,7691
7450,1657
7451,7506
7452,1411
7453,5817
7454,5564
7455,7986
7456,603
7457,1365
7458,4945
7459,3907
7460,7354
7461,2570
7462,4535
7463,122
7464,1636
7465,752
7466,5248
7467,1137
7468,501
7469,1637
7470,7137
7471,7312
7472,4610
7473,6790
7474,2409
7475,1559
7476,6046
7477,971
7478,3727
7479,4169
7480,1401
7481,2492
7482,6948
7483,2488
7484,7138
7485,3348
7486,6567
7487,3434
7488,7149
7489,2736
7490,5559
7491,7525
7492,7919
7493,7220
7494,1891
7495,4444
7496,4198
7497,3899
7498,2141
7499,7734
7500,7734
7501,5048
7502,1678
7503,6199
7504,2254
7505,5678
7506,4611
7507,653
7508,4777
7509,72
7510,1348
7511,441
7512,5233
7513,2646
7514,6277
7515,6040
7516,7869
7517,7268
7518,4470
7519,4942
7520,5499
7521,1017
7522,6837
7523,5070
7524,1193
7525,4585
7526,5412
7527,3271
7528,2813
7529,7447
7530,980
7531,1390
7532,6693
7533,7947
7534,96
7535,5860
7536,7657
7537,2924
7538,1431
7539,7749
7540,5100
7541,5338
7542,6225
7543,5709
7544,6545
7545,3498
7546,866
7547,2854
7548,7737
7549,5567
7550,557
7551,4498
7552,6507
7553,2241
7554,4304
7555,1073
7556,3789
7557,6333
7558,5949
7559,7536
7560,4687
7561,5081
7562,5096
7563,1166
7564,2087
7565,1522
7566,6620
7567,4812
7568,2934
7569,5268
7570,3881
7571,113
7572,6922
7573,2581
7574,4280
7575,823
7576,6333
7577,4622
7578,1343
7579,1301
7580,1658
7581,2231
7582,5263
7583,6890
7584,1951
7585,414
7586,138
7587,5251
7588,6142
7589,6404
7590,7731
7591,2377
7592,4222
7593,1044
7594,606
7595,1098
7596,2591
7597,129
7598,7622
7599,5090
7600,2651
7601,5115
7602,1661
7603,7942
7604,1191
7605,4429
7606,4670
7607,44
7608,2137
7609,982
7610,2142
7611,7322
7612,675
7613,4321
7614,2785
7615,6602
7616,4221
7617,2660
7618,7273
7619,7927
7620,7457
7621,6034
7622,2314
7623,3464
7624,3120
7625,4829
7626,5944
7627,1621
7628,5810
7629,2828
7630,4258
7631,986
7632,571
7633,6900
7634,344
7635,3063
7636,3880
7637,5270
7638,423
7639,7073
7640,1097
7641,2069
7642,2565
7643,4777
7644,921
7645,3474
7646,5543
7647,3431
7648,6760
7649,5734
7650,3121
7651,6595
7652,4890
7653,3195
7654,4549
7655,5663
7656,1031
7657,6855
7658,4604
7659,228
7660,4227
7661,5542
7662,7027
7663,7656
7664,3833
7665,6675
7666,7101
7667,4281
7668,5361
7669,2115
7670,7414
7671,7177
7672,7665
7673,4703
7674,3831
7675,2869
7676,3199
7677,476
7678,2661
7679,6900
7680,4612
7681,2424
7682,1700
7683,3672
7684,6923
7685,6738
7686,7082
7687,6852
7688,4137
7689,4262
7690,7022
7691,2603
7692,4919
7693,4389
7694,574
7695,1792
7696,4859
7697,6253
7698,1392
7699,0
7700,6885
7701,7658
7702,4912
7703,1368
7704,4853
7705,7560
7706,5369
7707,3443
7708,5817
7709,2388
7710,4063
7711,2340
7712,436
7713,6254
7714,2696
7715,2925
7716,7707
7717,1069
7718,3451
7719,554
7720,3577
7721,5455
7722,2960
7723,3933
7724,7922
7725,7515
7726,2183
7727,983
7728,100
7729,4566
7730,2549
7731,191
7732,3753
7733,4190
7734,4569
7735,2434
7736,953
7737,7846
7738,1933
7739,2775
7740,1581
7741,3086
7742,7768
7743,237
7744,3678
7745,4189
7746,5728
7747,4020
7748,7916
7749,6814
7750,4669
7751,7941
7752,2266
7753,3350
7754,936
7755,4463
7756,1879
7757,926
7758,3794
7759,4319
7760,7448
7761,416
7762,6673
7763,1643
7764,6048
7765,306
7766,5685
7767,187
7768,5793
7769,7562
7770,3961
7771,980
7772,7676
7773,3293
7774,2325
7775,6659
7776,741
7777,1881
7778,4977
7779,2338
7780,5410
7781,3323
7782,4275
7783,7498
7784,2994
7785,3021
7786,3193
7787,1813
7788,1162
7789,6464
7790,6434
7791,7694
7792,3322
7793,5026
7794,71
7795,7608
7796,4655
7797,827
7798,7048
7799,2935
7800,2706
7801,2762
7802,4864
7803,6175
7804,5837
7805,2391
7806,5978
7807,5528
7808,5613
7809,2805
7810,893
7811,5738
7812,7714
7813,214
7814,5347
7815,747
7816,420
7817,3466
7818,6536
7819,2946
7820,5936
7821,6614
7822,2749
7823,3863
7824,1712
7825,2797
7826,2715
7827,5913
7828,1785
7829,206
7830,5973
7831,6635
7832,7086
7833,3449
7834,2855
7835,1772
7836,4225
7837,6415
7838,7915
7839,3873
7840,6426
7841,4869
7842,2506
7843,5762
7844,1104
7845,644
7846,7631
7847,1054
7848,6356
7849,4705
7850,5783
7851,2795
7852,4269
7853,2036
7854,1125
7855,2030
7856,1821
7857,5527
7858,2130
7859,7939
7860,7139
7861,5501
7862,7457
7863,6026
7864,6426
7865,6572
7866,3249
7867,5934
7868,63
7869,1368
7870,7179
7871,4563
7872,4240
7873,798
7874,6811
7875,2843
7876,5647
7877,1498
7878,3452
7879,4373
7880,7781
7881,3109
7882,6252
7883,1348
7884,4132
7885,4398
7886,1567
7887,903
7888,37
7889,6003
7890,5167
7891,5354
7892,3984
7893,5085
7894,6768
7895,2632
7896,1658
7897,3446
7898,2466
7899,2650
7900,7273
7901,7304
7902,4032
7903,4129
7904,3763
7905,1875
7906,1461
7907,4076
7908,7428
7909,2474
7910,1390
7911,1542
7912,3069
7913,3498
7914,3210
7915,576
7916,7098
7917,7704
7918,4334
7919,7510
7920,7916
7921,5526
7922,7286
7923,65
7924,4517
7925,3266
7926,2374
7927,5209
7928,7603
7929,7788
7930,7806
7931,3428
7932,1571
7933,5489
7934,6732
7935,2559
7936,999
7937,7224
7938,6427
7939,6055
7940,4498
7941,1993
7942,3561
7943,1701
7944,6015
7945,7685
7946,4598
7947,1940
7948,4626
7949,6918
7950,6808
7951,2768
7952,6358
7953,2579
7954,3948
7955,7229
7956,1734
7957,7808
7958,2086
7959,241
7960,5671
7961,4768
7962,1162
7963,959
7964,466
7965,6696
7966,5236
7967,5345
7968,5648
7969,5154
7970,7889
7971,3201
7972,477
7973,330
7974,4080
7975,3364
7976,7247
7977,7433
7978,1075
7979,2675
7980,1232
7981,1675
7982,3231
7983,7528
7984,519
7985,831
7986,2451
7987,3473
7988,1046
7989,7851
7990,3414
7991,6404
7992,7100
7993,5033
7994,969
7995,2592
7996,1753
7997,4097
7998,1851
7999,1147
