0,227
1,9436
2,1837
3,3894
4,6629
5,3630
6,7421
7,4792
8,4657
9,6009
10,283
11,4420
12,6884
13,5287
14,5271
15,4144
16,3191
17,5379
18,9180
19,6943
20,2308
21,328
22,6933
23,6920
24,9720
25,7191
26,1034
27,1109
28,1172
29,5396
30,7922
31,8251
32,3918
33,9198
34,8156
35,7984
36,8964
37,4889
38,2985
39,7934
40,8000
41,186
42,8480
43,3618
44,8951
45,6750
46,2485
47,4897
48,636
49,9015
50,8212
51,1481
52,2418
53,3988
54,6711
55,9423
56,7438
57,2284
58,5223
59,4042
60,6570
61,2887
62,4080
63,570
64,8998
65,3241
66,8669
67,8230
68,4026
69,3932
70,7714
71,3490
72,3894
73,361
74,2296
75,6809
76,4874
77,3458
78,3314
79,3661
80,689
81,1855
82,7695
83,4248
84,6984
85,8675
86,7721
87,2813
88,3197
89,7722
90,2106
91,7360
92,1683
93,7570
94,7518
95,9759
96,1553
97,5842
98,531
99,8796
100,1066
101,1195
102,7084
103,3768
104,1319
105,1098
106,5862
107,4429
108,144
109,9559
110,6386
111,3288
112,5947
113,1934
114,1697
115,2097
116,5563
117,6151
118,2926
119,760
120,5657
121,4900
122,5668
123,2942
124,9824
125,2279
126,1344
127,2109
128,2786
129,2445
130,1858
131,7557
132,9240
133,6474
134,157
135,7460
136,1863
137,7938
138,8366
139,8001
140,9502
141,2529
142,6377
143,7814
144,2764
145,9177
146,7662
147,2183
148,654
149,8230
150,235
151,8563
152,5062
153,863
154,2875
155,3238
156,2263
157,1787
158,4540
159,2856
160,8621
161,5852
162,9070
163,8070
164,8650
165,941
166,4728
167,267
168,1594
169,5812
170,1268
171,6778
172,5432
173,7988
174,9482
175,9755
176,3289
177,6083
178,1227
179,7504
180,918
181,3170
182,4708
183,722
184,5336
185,9982
186,7714
187,9117
188,2220
189,513
190,7876
191,4660
192,8806
193,5990
194,9228
195,2307
196,369
197,9672
198,288
199,7503
200,5188
201,8565
202,7469
203,2300
204,7713
205,3124
206,651
207,5035
208,743
209,2080
210,6683
211,5869
212,5367
213,5264
214,6908
215,4233
216,6515
217,9413
218,5534
219,1254
220,3410
221,3535
222,8606
223,3558
224,5585
225,4364
226,9615
227,5983
228,9187
229,9214
230,4394
231,5366
232,3193
233,2216
234,9788
235,5658
236,7357
237,3381
238,4958
239,6427
240,5048
241,4437
242,7746
243,7925
244,6452
245,8612
246,6393
247,5789
248,8651
249,1913
250,7473
251,5014
252,5902
253,824
254,3164
255,5280
256,7282
257,8580
258,4892
259,8303
260,1812
261,4853
262,4266
263,531
264,6957
265,9073
266,9637
267,3625
268,9713
269,2474
270,4264
271,29
272,1714
273,949
274,5604
275,5898
276,609
277,6914
278,2285
279,2128
280,2404
281,3245
282,9777
283,641
284,5443
285,9375
286,2290
287,8232
288,5917
289,6961
290,2693
291,2406
292,5895
293,207
294,9907
295,1114
296,5876
297,3013
298,7709
299,3837
300,2897
301,5673
302,7196
303,3783
304,1879
305,9188
306,6454
307,1265
308,7699
309,6510
310,5341
311,9704
312,2866
313,7893
314,369
315,5994
316,4694
317,2090
318,4982
319,8593
320,2694
321,3224
322,6544
323,1177
324,1825
325,7345
326,6107
327,1504
328,5011
329,6551
330,5799
331,6953
332,1744
333,8036
334,6176
335,3740
336,2093
337,2119
338,4555
339,8686
340,6830
341,5436
342,4397
343,4664
344,3722
345,6662
346,438
347,3782
348,762
349,7371
350,4986
351,5727
352,5505
353,9500
354,6400
355,6588
356,1686
357,7472
358,5012
359,8423
360,6780
361,5308
362,8759
363,5170
364,4386
365,5233
366,6006
367,6832
368,8902
369,2034
370,56
371,8852
372,3093
373,1136
374,6064
375,6868
376,1934
377,1635
378,2339
379,2153
380,1812
381,71
382,6003
383,5254
384,9714
385,6578
386,1098
387,627
388,4632
389,2126
390,3123
391,9109
392,3972
393,7095
394,9473
395,539
396,3404
397,3778
398,9507
399,7751
400,5752
401,9095
402,8943
403,3960
404,8797
405,7021
406,3403
407,9504
408,9123
409,6673
410,2380
411,8022
412,1736
413,8435
414,4965
415,8651
416,8509
417,733
418,8305
419,3409
420,5790
421,4960
422,6971
423,8956
424,8719
425,4748
426,314
427,3161
428,3250
429,7372
430,5531
431,3270
432,2118
433,2668
434,1158
435,7501
436,1017
437,2153
438,8787
439,6512
440,6173
441,8915
442,6533
443,1058
444,4969
445,8865
446,6724
447,2400
448,1686
449,2369
450,1097
451,2059
452,5210
453,6730
454,3218
455,338
456,6306
457,3584
458,9381
459,2832
460,5895
461,5619
462,3201
463,8783
464,5763
465,7381
466,960
467,9512
468,4589
469,9766
470,201
471,1017
472,65
473,2174
474,8067
475,6625
476,187
477,3990
478,467
479,1915
480,7777
481,9363
482,4614
483,8532
484,1296
485,8160
486,5674
487,8058
488,8591
489,9766
490,8758
491,5156
492,9104
493,3179
494,4891
495,8776
496,69
497,8197
498,7346
499,1549
500,2367
501,9865
502,2692
503,3326
504,7457
505,389
506,936
507,5046
508,6851
509,6662
510,3895
511,4878
512,2850
513,5862
514,4876
515,4561
516,517
517,6021
518,4856
519,7049
520,3339
521,1667
522,2962
523,3816
524,6576
525,4136
526,827
527,1268
528,4351
529,4816
530,7406
531,6991
532,6320
533,3367
534,3238
535,1826
536,8738
537,5804
538,3339
539,8758
540,8868
541,8197
542,884
543,2191
544,8878
545,9439
546,9440
547,2838
548,7245
549,5199
550,2704
551,1169
552,7499
553,9306
554,2108
555,3665
556,4364
557,9502
558,678
559,647
560,7492
561,5211
562,9051
563,4035
564,1319
565,4898
566,9013
567,3451
568,9769
569,728
570,3245
571,6725
572,3812
573,9846
574,4334
575,4690
576,3367
577,49
578,4805
579,4374
580,2459
581,5041
582,8885
583,4248
584,977
585,4896
586,808
587,8210
588,3623
589,3584
590,5823
591,965
592,9162
593,5529
594,7482
595,237
596,822
597,7967
598,6243
599,9740
600,440
601,4956
602,3284
603,8630
604,1956
605,6623
606,2377
607,1929
608,450
609,8288
610,3904
611,6694
612,2579
613,7918
614,2269
615,5872
616,5442
617,5240
618,2602
619,7792
620,6118
621,6196
622,4956
623,7619
624,2452
625,2911
626,96
627,5153
628,4177
629,7970
630,7044
631,7882
632,8101
633,9613
634,6659
635,7150
636,5466
637,8002
638,6120
639,2281
640,2292
641,5457
642,1972
643,9146
644,3643
645,7484
646,1274
647,4831
648,1603
649,3350
650,1063
651,3231
652,1469
653,3725
654,367
655,9363
656,1398
657,9264
658,674
659,8306
660,429
661,2974
662,6862
663,2887
664,626
665,7342
666,654
667,8241
668,2810
669,1109
670,3584
671,8743
672,3711
673,87
674,4517
675,1622
676,5476
677,1149
678,4801
679,136
680,2454
681,5567
682,9266
683,3683
684,8910
685,6990
686,6749
687,3435
688,7220
689,5120
690,6451
691,3364
692,1965
693,2345
694,4467
695,8393
696,2597
697,4579
698,9290
699,2210
700,7911
701,3354
702,3285
703,4166
704,5368
705,3703
706,3543
707,525
708,3108
709,5782
710,1222
711,4159
712,2433
713,6950
714,2975
715,3615
716,9984
717,3372
718,554
719,878
720,8498
721,1748
722,24
723,2109
724,9142
725,4086
726,7976
727,5763
728,6400
729,4641
730,6266
731,3750
732,3590
733,3910
734,4011
735,3146
736,2868
737,3860
738,1407
739,2739
740,4527
741,4795
742,8764
743,649
744,7814
745,7711
746,7858
747,6823
748,7493
749,7611
750,2809
751,8624
752,68
753,7935
754,2244
755,5679
756,9340
757,4488
758,5185
759,56
760,9273
761,5595
762,4482
763,7217
764,2442
765,302
766,5189
767,9687
768,8069
769,2770
770,8335
771,2126
772,5672
773,464
774,312
775,1208
776,3019
777,8735
778,9472
779,1201
780,2689
781,7696
782,736
783,7317
784,9502
785,4086
786,3594
787,2783
788,3346
789,6629
790,2754
791,2543
792,6210
793,9894
794,1126
795,3702
796,4840
797,2628
798,7913
799,2465
800,7265
801,6038
802,285
803,6848
804,1780
805,2105
806,7022
807,9362
808,179
809,9081
810,2556
811,1615
812,5081
813,6717
814,8225
815,6705
816,4196
817,6396
818,2097
819,1536
820,7116
821,4687
822,8766
823,3593
824,3281
825,5141
826,3931
827,4170
828,6947
829,2221
830,6681
831,2220
832,6026
833,6851
834,9645
835,3821
836,1366
837,7594
838,7042
839,2266
840,2593
841,7170
842,7947
843,9894
844,465
845,6294
846,5121
847,5017
848,5914
849,2118
850,3210
851,151
852,8031
853,1708
854,491
855,1307
856,1401
857,1212
858,3124
859,9920
860,5984
861,9693
862,9913
863,2157
864,4566
865,8526
866,9794
867,2107
868,4803
869,7223
870,7768
871,4468
872,8747
873,5709
874,1247
875,5497
876,1580
877,1249
878,8067
879,9551
880,3236
881,7478
882,859
883,3016
884,303
885,6830
886,1867
887,3226
888,6861
889,7440
890,8885
891,4526
892,4562
893,1879
894,2943
895,1415
896,7191
897,7098
898,1696
899,9772
900,3775
901,4419
902,4963
903,5668
904,5748
905,1247
906,2894
907,8013
908,4287
909,8673
910,2045
911,9369
912,8886
913,4931
914,1399
915,7510
916,8399
917,1370
918,6194
919,6472
920,5027
921,9108
922,1923
923,8501
924,4030
925,4657
926,1661
927,2493
928,5667
929,3083
930,699
931,4292
932,605
933,2580
934,4473
935,8766
936,9679
937,5579
938,3627
939,5750
940,9069
941,8250
942,2529
943,9194
944,9300
945,8590
946,467
947,2438
948,8804
949,9908
950,4086
951,3691
952,5374
953,7533
954,9553
955,5580
956,2424
957,5470
958,6889
959,7157
960,7741
961,7878
962,2535
963,5481
964,5889
965,8636
966,2684
967,4614
968,3490
969,1909
970,4875
971,3319
972,4411
973,5087
974,7396
975,5542
976,5554
977,637
978,4657
979,8268
980,4257
981,4688
982,2841
983,6598
984,9698
985,6622
986,1123
987,1589
988,5891
989,913
990,5620
991,8995
992,6872
993,6623
994,3305
995,2893
996,464
997,7329
998,1344
999,3409
1000,5440
1001,6386
1002,1969
1003,2741
1004,6444
1005,278
1006,4042
1007,8529
1008,3828
1009,4276
1010,6903
1011,9803
1012,7275
1013,9618
1014,6625
1015,4381
1016,2482
1017,2331
1018,3661
1019,6821
1020,7555
1021,4848
1022,2181
1023,2697
1024,3354
1025,8408
1026,4068
1027,8468
1028,1213
1029,3157
1030,8427
1031,2786
1032,1565
1033,5333
1034,9441
1035,4356
1036,2229
1037,2897
1038,5303
1039,5776
1040,8046
1041,8470
1042,2216
1043,7960
1044,7093
1045,6637
1046,3600
1047,3237
1048,8212
1049,3881
1050,388
1051,1952
1052,7965
1053,9805
1054,2607
1055,9996
1056,2166
1057,8359
1058,7533
1059,3652
1060,2029
1061,1149
1062,9695
1063,3501
1064,1277
1065,6098
1066,3743
1067,4903
1068,8489
1069,805
1070,5182
1071,4949
1072,6645
1073,5591
1074,9833
1075,1270
1076,4004
1077,2631
1078,8202
1079,5472
1080,5307
1081,3403
1082,4043
1083,25
1084,1093
1085,7981
1086,4341
1087,6785
1088,4112
1089,6240
1090,9478
1091,1743
1092,2260
1093,3549
1094,913
1095,9926
1096,1572
1097,7118
1098,9808
1099,7299
1100,2093
1101,8295
1102,5140
1103,4630
1104,9755
1105,9084
1106,1133
1107,11
1108,5355
1109,5058
1110,1445
1111,3268
1112,8763
1113,6406
1114,5782
1115,5764
1116,6638
1117,116
1118,4700
1119,3371
1120,9915
1121,5990
1122,8501
1123,4729
1124,7733
1125,5321
1126,5221
1127,3665
1128,3558
1129,7133
1130,4214
1131,7452
1132,5988
1133,6057
1134,8429
1135,1110
1136,1333
1137,6744
1138,3144
1139,9369
1140,5295
1141,8132
1142,3
1143,3892
1144,488
1145,4317
1146,7130
1147,5543
1148,5052
1149,5718
1150,6408
1151,7678
1152,9485
1153,2605
1154,6973
1155,2647
1156,5365
1157,981
1158,5743
1159,4690
1160,7463
1161,914
1162,3960
1163,4661
1164,531
1165,5424
1166,4045
1167,7161
1168,1704
1169,3071
1170,5934
1171,9572
1172,7939
1173,4063
1174,5913
1175,8627
1176,8214
1177,6085
1178,8313
1179,5364
1180,4276
1181,5767
1182,4604
1183,3342
1184,8729
1185,1018
1186,8435
1187,6477
1188,6951
1189,3893
1190,7954
1191,62
1192,7259
1193,9553
1194,4535
1195,947
1196,7565
1197,3983
1198,7783
1199,2147
1200,7878
1201,4534
1202,1940
1203,6945
1204,9820
1205,1208
1206,9771
1207,7624
1208,5753
1209,3489
1210,4249
1211,7872
1212,4730
1213,9467
1214,6462
1215,2639
1216,8707
1217,9488
1218,9850
1219,4511
1220,64
1221,7837
1222,803
1223,2999
1224,246
1225,9966
1226,8201
1227,8425
1228,6247
1229,7228
1230,9393
1231,6936
1232,2404
1233,8497
1234,125
1235,6516
1236,9406
1237,6468
1238,5356
1239,7764
1240,2773
1241,9413
1242,5150
1243,3726
1244,3313
1245,3478
1246,6736
1247,2549
1248,7871
1249,1347
1250,9478
1251,6720
1252,3539
1253,4688
1254,1366
1255,5891
1256,1532
1257,2606
1258,7921
1259,77
1260,3381
1261,5226
1262,6701
1263,8269
1264,5399
1265,6818
1266,3021
1267,4609
1268,2124
1269,3509
1270,4114
1271,3500
1272,3214
1273,1462
1274,1002
1275,7411
1276,2830
1277,9787
1278,4167
1279,1877
1280,5697
1281,3144
1282,3947
1283,3669
1284,1141
1285,2484
1286,8127
1287,1765
1288,897
1289,7573
1290,8787
1291,6929
1292,1978
1293,7213
1294,6784
1295,6037
1296,9697
1297,5824
1298,3065
1299,5691
1300,9882
1301,9024
1302,5647
1303,7189
1304,7688
1305,4887
1306,5395
1307,9171
1308,1364
1309,3232
1310,167
1311,7042
1312,6701
1313,2899
1314,9310
1315,8705
1316,9689
1317,9595
1318,2386
1319,7937
1320,1721
1321,6102
1322,3220
1323,6745
1324,8794
1325,264
1326,9645
1327,3795
1328,7432
1329,2828
1330,51
1331,2855
1332,4205
1333,216
1334,3480
1335,8737
1336,9111
1337,1932
1338,5789
1339,561
1340,9912
1341,4135
1342,115
1343,2576
1344,8551
1345,294
1346,1298
1347,2938
1348,1716
1349,3066
1350,3826
1351,5420
1352,9592
1353,5861
1354,1895
1355,5354
1356,9146
1357,4001
1358,6106
1359,3949
1360,5134
1361,9036
1362,3297
1363,792
1364,4809
1365,3027
1366,5073
1367,1110
1368,6912
1369,9418
1370,1370
1371,3426
1372,3485
1373,7766
1374,3425
1375,2051
1376,6915
1377,5911
1378,2139
1379,9969
1380,825
1381,1046
1382,4084
1383,376
1384,3106
1385,7286
1386,4800
1387,2440
1388,3534
1389,8554
1390,6441
1391,5222
1392,7433
1393,9811
1394,3159
1395,9572
1396,7201
1397,6180
1398,7101
1399,5143
1400,2581
1401,3684
1402,5600
1403,6954
1404,3176
1405,5391
1406,8787
1407,9247
1408,6293
1409,9818
1410,3053
1411,1405
1412,2525
1413,449
1414,9068
1415,2411
1416,4091
1417,1711
1418,7075
1419,1607
1420,3305
1421,3976
1422,2287
1423,5747
1424,3996
1425,1446
1426,3607
1427,92
1428,5721
1429,7727
1430,8514
1431,3865
1432,155
1433,9311
1434,6210
1435,861
1436,1821
1437,6615
1438,1966
1439,6920
1440,8401
1441,6498
1442,3309
1443,1296
1444,1283
1445,9536
1446,222
1447,9367
1448,9336
1449,7825
1450,1461
1451,1386
1452,7184
1453,3855
1454,9296
1455,1142
1456,3178
1457,2472
1458,2279
1459,8455
1460,8439
1461,2007
1462,5330
1463,8830
1464,3574
1465,9662
1466,6372
1467,3134
1468,7791
1469,5074
1470,6885
1471,8643
1472,3835
1473,4419
1474,4958
1475,3247
1476,5888
1477,2071
1478,893
1479,5314
1480,9851
1481,66
1482,7161
1483,2278
1484,9670
1485,3075
1486,5887
1487,3749
1488,3385
1489,8766
1490,3466
1491,7543
1492,60
1493,9105
1494,514
1495,2315
1496,731
1497,9446
1498,5083
1499,9313
1500,3330
1501,1076
1502,6558
1503,2
1504,4119
1505,2066
1506,1300
1507,8221
1508,6440
1509,2874
1510,703
1511,9631
1512,7049
1513,4261
1514,2739
1515,7438
1516,6528
1517,8840
1518,4385
1519,5778
1520,8556
1521,7787
1522,4933
1523,1985
1524,4943
1525,7426
1526,6405
1527,1653
1528,748
1529,2618
1530,6010
1531,7148
1532,8315
1533,993
1534,11
1535,9227
1536,5962
1537,2258
1538,4804
1539,5824
1540,2350
1541,7532
1542,8662
1543,99
1544,9287
1545,8975
1546,840
1547,4935
1548,4977
1549,4082
1550,2027
1551,5635
1552,1238
1553,9315
1554,8619
1555,7624
1556,4593
1557,8764
1558,2225
1559,111
1560,2542
1561,9726
1562,1909
1563,6561
1564,3966
1565,1021
1566,8113
1567,8113
1568,2374
1569,8344
1570,513
1571,2761
1572,1158
1573,9987
1574,7942
1575,8160
1576,8839
1577,4931
1578,3290
1579,5413
1580,1918
1581,3189
1582,7054
1583,7083
1584,8029
1585,1675
1586,5040
1587,2609
1588,9609
1589,148
1590,2376
1591,3693
1592,2966
1593,2359
1594,208
1595,2164
1596,5630
1597,396
1598,5524
1599,6024
1600,7760
1601,8679
1602,671
1603,2079
1604,933
1605,6978
1606,6693
1607,4412
1608,6542
1609,3781
1610,1679
1611,4972
1612,4842
1613,7413
1614,7393
1615,3471
1616,9892
1617,7158
1618,8056
1619,2864
1620,2584
1621,878
1622,1711
1623,19
1624,7990
1625,5144
1626,2400
1627,267
1628,2815
1629,4386
1630,2359
1631,3253
1632,3517
1633,5683
1634,5906
1635,388
1636,1855
1637,8476
1638,5909
1639,2617
1640,3345
1641,4138
1642,75
1643,6159
1644,3738
1645,6245
1646,3463
1647,2097
1648,2959
1649,3881
1650,7927
1651,249
1652,7349
1653,2814
1654,2282
1655,165
1656,9011
1657,8630
1658,3656
1659,9239
1660,8294
1661,7682
1662,3744
1663,6506
1664,3135
1665,2369
1666,1967
1667,9517
1668,3959
1669,2278
1670,7948
1671,4077
1672,5746
1673,2229
1674,7937
1675,2419
1676,9201
1677,235
1678,1811
1679,1750
1680,8802
1681,4135
1682,18
1683,1327
1684,1746
1685,2904
1686,1772
1687,952
1688,2194
1689,1348
1690,6252
1691,8975
1692,9863
1693,7570
1694,2849
1695,237
1696,395
1697,1556
1698,6793
1699,4397
1700,8658
1701,7413
1702,2908
1703,4987
1704,6391
1705,7243
1706,2212
1707,9707
1708,4244
1709,713
1710,8426
1711,5923
1712,7888
1713,8228
1714,8268
1715,710
1716,4979
1717,8272
1718,4362
1719,2894
1720,9157
1721,4774
1722,4977
1723,7349
1724,9413
1725,4788
1726,9935
1727,912
1728,5302
1729,1617
1730,6788
1731,9017
1732,3715
1733,9819
1734,9433
1735,4151
1736,4898
1737,3999
1738,7051
1739,620
1740,7847
1741,964
1742,2608
1743,4603
1744,4399
1745,229
1746,5258
1747,2308
1748,4045
1749,713
1750,4905
1751,3069
1752,6370
1753,4641
1754,7418
1755,1182
1756,1013
1757,4989
1758,6637
1759,9833
1760,9586
1761,4091
1762,9653
1763,4837
1764,8350
1765,4013
1766,5145
1767,6390
1768,201
1769,5718
1770,9047
1771,4874
1772,7612
1773,1601
1774,9832
1775,802
1776,1394
1777,2973
1778,4207
1779,5963
1780,1891
1781,1049
1782,2954
1783,1880
1784,8460
1785,4200
1786,2459
1787,9742
1788,5354
1789,721
1790,6385
1791,1723
1792,8884
1793,9590
1794,7487
1795,8340
1796,5449
1797,8095
1798,1358
1799,890
1800,2303
1801,3171
1802,4574
1803,5816
1804,3226
1805,7378
1806,2471
1807,252
1808,8285
1809,6609
1810,5807
1811,1183
1812,4667
1813,6530
1814,6468
1815,4739
1816,1174
1817,320
1818,9064
1819,3560
1820,3209
1821,356
1822,9933
1823,2683
1824,6369
1825,8279
1826,8214
1827,5515
1828,1061
1829,9205
1830,397
1831,2553
1832,4471
1833,410
1834,9123
1835,8827
1836,8195
1837,5388
1838,6546
1839,4077
1840,548
1841,180
1842,4286
1843,1670
1844,7174
1845,9866
1846,2522
1847,7650
1848,2854
1849,7756
1850,2582
1851,6737
1852,3493
1853,2010
1854,6214
1855,5803
1856,7643
1857,7825
1858,4446
1859,5470
1860,329
1861,5971
1862,6122
1863,6390
1864,8631
1865,5936
1866,8602
1867,3047
1868,9564
1869,1171
1870,2939
1871,1802
1872,2555
1873,394
1874,7360
1875,9634
1876,3642
1877,4131
1878,5119
1879,6762
1880,3663
1881,2736
1882,2024
1883,9149
1884,6691
1885,5351
1886,4656
1887,7905
1888,3320
1889,9449
1890,9036
1891,6512
1892,8679
1893,5997
1894,7993
1895,2213
1896,9297
1897,6664
1898,2776
1899,7568
1900,1448
1901,7146
1902,4518
1903,7333
1904,886
1905,3304
1906,7178
1907,6455
1908,7643
1909,6466
1910,7192
1911,6413
1912,1572
1913,129
1914,3106
1915,6607
1916,6406
1917,7583
1918,926
1919,287
1920,7579
1921,4274
1922,7939
1923,3942
1924,9443
1925,3862
1926,9293
1927,3322
1928,7067
1929,9350
1930,5120
1931,6617
1932,9243
1933,7895
1934,8665
1935,820
1936,2521
1937,8706
1938,1631
1939,9483
1940,7452
1941,8603
1942,6041
1943,3857
1944,2459
1945,8978
1946,6041
1947,6460
1948,7347
1949,838
1950,2390
1951,3435
1952,4279
1953,2241
1954,711
1955,6788
1956,8770
1957,4292
1958,3355
1959,9945
1960,6184
1961,223
1962,3878
1963,9078
1964,362
1965,7885
1966,8406
1967,6186
1968,5401
1969,8394
1970,6660
1971,448
1972,1250
1973,770
1974,8501
1975,8825
1976,8711
1977,4456
1978,2480
1979,9255
1980,6846
1981,1983
1982,9690
1983,1960
1984,946
1985,4969
1986,4669
1987,8957
1988,1287
1989,3001
1990,1367
1991,6806
1992,3420
1993,7351
1994,3311
1995,9709
1996,9289
1997,2399
1998,9906
1999,6299
2000,3864
2001,5254
2002,1499
2003,282
2004,3424
2005,1483
2006,4962
2007,4361
2008,7483
2009,1702
2010,2875
2011,6789
2012,6330
2013,5600
2014,6287
2015,7274
2016,2063
2017,7662
2018,6680
2019,2982
2020,4007
2021,1899
2022,3461
2023,3558
2024,3739
2025,1472
2026,6013
2027,3872
2028,5515
2029,1731
2030,5857
2031,9356
2032,9979
2033,3498
2034,1402
2035,5423
2036,6938
2037,2474
2038,9458
2039,613
2040,173
2041,7024
2042,3806
2043,7162
2044,107
2045,7611
2046,9529
2047,7670
2048,8481
2049,2948
2050,7804
2051,2643
2052,8406
2053,4668
2054,3272
2055,5564
2056,7272
2057,2144
2058,6374
2059,5731
2060,1333
2061,9643
2062,7798
2063,63
2064,9878
2065,4329
2066,597
2067,2273
2068,7750
2069,2339
2070,2266
2071,7185
2072,3296
2073,5579
2074,8430
2075,2442
2076,7750
2077,9382
2078,4139
2079,8830
2080,8846
2081,4833
2082,3549
2083,8311
2084,8727
2085,1169
2086,1318
2087,6044
2088,3209
2089,5051
2090,2398
2091,3612
2092,2378
2093,4972
2094,3655
2095,2169
2096,9629
2097,2631
2098,1774
2099,6932
2100,822
2101,4377
2102,6813
2103,7634
2104,6120
2105,1818
2106,9726
2107,9000
2108,6367
2109,3283
2110,1962
2111,6472
2112,8889
2113,9046
2114,1696
2115,9287
2116,2238
2117,4110
2118,2657
2119,8314
2120,273
2121,4756
2122,8663
2123,8813
2124,3567
2125,3851
2126,3126
2127,3903
2128,8693
2129,153
2130,1227
2131,6606
2132,3470
2133,4914
2134,1665
2135,8746
2136,8761
2137,3714
2138,9442
2139,3033
2140,2953
2141,615
2142,346
2143,3750
2144,6518
2145,809
2146,8440
2147,6967
2148,176
2149,1831
2150,2430
2151,6682
2152,2356
2153,5791
2154,5767
2155,1594
2156,488
2157,4250
2158,184
2159,2868
2160,6688
2161,4178
2162,4159
2163,8160
2164,9619
2165,9456
2166,4248
2167,2911
2168,7031
2169,2454
2170,911
2171,9696
2172,9336
2173,4646
2174,5023
2175,926
2176,4648
2177,8989
2178,8329
2179,2426
2180,4289
2181,9712
2182,1216
2183,4864
2184,3574
2185,129
2186,7377
2187,616
2188,6183
2189,6558
2190,3425
2191,2220
2192,6803
2193,9046
2194,4830
2195,7425
2196,6664
2197,6761
2198,6007
2199,8100
2200,454
2201,3211
2202,4728
2203,7426
2204,8145
2205,7764
2206,4333
2207,2500
2208,7125
2209,1319
2210,8183
2211,5653
2212,548
2213,5805
2214,9213
2215,9281
2216,107
2217,5693
2218,4586
2219,6843
2220,7987
2221,6475
2222,1636
2223,7931
2224,5219
2225,9514
2226,5933
2227,2931
2228,6898
2229,8719
2230,2818
2231,813
2232,7978
2233,436
2234,7361
2235,3171
2236,9480
2237,3749
2238,2535
2239,8362
2240,624
2241,5066
2242,4679
2243,5547
2244,2798
2245,9681
2246,103
2247,7167
2248,9831
2249,8552
2250,5173
2251,6311
2252,6910
2253,6644
2254,9110
2255,6518
2256,1762
2257,7905
2258,5375
2259,8507
2260,2612
2261,2743
2262,2365
2263,3934
2264,503
2265,2469
2266,3694
2267,5510
2268,9552
2269,6988
2270,6226
2271,8901
2272,5053
2273,3355
2274,4028
2275,6161
2276,7346
2277,2802
2278,1987
2279,7808
2280,4958
2281,7093
2282,8406
2283,7359
2284,9916
2285,5199
2286,7116
2287,6559
2288,102
2289,1344
2290,4312
2291,445
2292,3747
2293,9157
2294,1371
2295,6732
2296,6513
2297,7027
2298,1428
2299,5984
2300,3678
2301,6687
2302,6194
2303,6698
2304,2640
2305,5997
2306,4635
2307,2763
2308,4789
2309,5747
2310,7189
2311,6695
2312,6116
2313,7992
2314,977
2315,5912
2316,6514
2317,2095
2318,2279
2319,7980
2320,1185
2321,6298
2322,7997
2323,5276
2324,8403
2325,9197
2326,6961
2327,6937
2328,8172
2329,9521
2330,358
2331,69
2332,9349
2333,8961
2334,6155
2335,5947
2336,1053
2337,2324
2338,7126
2339,6029
2340,6298
2341,1431
2342,8048
2343,4696
2344,509
2345,1462
2346,9546
2347,5094
2348,4580
2349,6007
2350,6670
2351,7824
2352,7849
2353,500
2354,8688
2355,8349
2356,9543
2357,8019
2358,9763
2359,8619
2360,7820
2361,627
2362,9048
2363,5545
2364,4730
2365,3109
2366,3969
2367,238
2368,6024
2369,421
2370,67
2371,2282
2372,7270
2373,723
2374,9834
2375,968
2376,5854
2377,1938
2378,2534
2379,8428
2380,629
2381,6317
2382,195
2383,142
2384,7264
2385,7713
2386,6919
2387,9619
2388,9972
2389,4667
2390,3845
2391,4021
2392,8581
2393,3854
2394,4494
2395,4975
2396,2512
2397,4705
2398,9047
2399,3462
2400,6245
2401,1875
2402,7765
2403,9287
2404,2604
2405,2156
2406,3413
2407,57
2408,6633
2409,5345
2410,280
2411,79
2412,3657
2413,3763
2414,1052
2415,621
2416,8332
2417,4341
2418,4822
2419,7411
2420,5389
2421,5288
2422,1098
2423,251
2424,780
2425,1413
2426,2829
2427,5579
2428,140
2429,279
2430,2114
2431,4616
2432,2360
2433,6706
2434,2689
2435,8903
2436,6641
2437,5924
2438,5734
2439,9105
2440,2611
2441,9910
2442,6341
2443,8674
2444,6262
2445,9022
2446,1323
2447,5182
2448,7599
2449,3477
2450,6863
2451,9265
2452,9238
2453,7776
2454,5288
2455,8049
2456,6115
2457,5629
2458,8424
2459,6995
2460,8226
2461,6940
2462,8454
2463,1142
2464,9861
2465,8279
2466,8218
2467,2591
2468,3913
2469,4688
2470,6545
2471,6402
2472,3184
2473,5445
2474,1744
2475,8171
2476,8509
2477,7122
2478,7796
2479,5350
2480,255
2481,6196
2482,3592
2483,2769
2484,5764
2485,2485
2486,9473
2487,4587
2488,5887
2489,5001
2490,7811
2491,9817
2492,6149
2493,5348
2494,1751
2495,7109
2496,8096
2497,150
2498,3300
2499,4723
2500,3478
2501,7716
2502,6569
2503,7474
2504,340
2505,8883
2506,6605
2507,5947
2508,6260
2509,4371
2510,4285
2511,9226
2512,6943
2513,4887
2514,1844
2515,5238
2516,2971
2517,7901
2518,5930
2519,8350
2520,6852
2521,3918
2522,4579
2523,7697
2524,3145
2525,5043
2526,2232
2527,8042
2528,9534
2529,3025
2530,5555
2531,3207
2532,7855
2533,68
2534,4627
2535,8740
2536,5700
2537,980
2538,3888
2539,7001
2540,3999
2541,3013
2542,7400
2543,4749
2544,2818
2545,3825
2546,664
2547,6901
2548,3790
2549,618
2550,6742
2551,6157
2552,5847
2553,2559
2554,3675
2555,8337
2556,1987
2557,9357
2558,7294
2559,9768
2560,9473
2561,6367
2562,9115
2563,750
2564,1878
2565,5939
2566,8915
2567,6125
2568,9810
2569,3866
2570,1469
2571,9959
2572,4945
2573,7324
2574,2074
2575,6819
2576,6206
2577,9894
2578,1111
2579,6705
2580,1746
2581,8513
2582,1355
2583,3211
2584,4618
2585,9504
2586,1279
2587,9787
2588,983
2589,918
2590,2781
2591,2035
2592,3566
2593,3617
2594,9025
2595,4253
2596,2383
2597,7175
2598,877
2599,175
2600,4579
2601,4235
2602,6217
2603,8250
2604,9327
2605,7564
2606,2167
2607,9280
2608,2070
2609,9739
2610,9765
2611,4335
2612,9290
2613,807
2614,5739
2615,5294
2616,8019
2617,7238
2618,436
2619,9427
2620,9384
2621,7682
2622,4857
2623,6143
2624,1065
2625,7613
2626,2137
2627,9431
2628,8896
2629,6755
2630,5125
2631,8960
2632,668
2633,3851
2634,3799
2635,6741
2636,8045
2637,5369
2638,1891
2639,7240
2640,7918
2641,2467
2642,4358
2643,3907
2644,5227
2645,6030
2646,9467
2647,8569
2648,1588
2649,2244
2650,4012
2651,9887
2652,5706
2653,3076
2654,9958
2655,9232
2656,5879
2657,1511
2658,8341
2659,7217
2660,6890
2661,8394
2662,4526
2663,1122
2664,5311
2665,6509
2666,1324
2667,4478
2668,5437
2669,8758
2670,8673
2671,4255
2672,9929
2673,8787
2674,9582
2675,2928
2676,6697
2677,6762
2678,6159
2679,6001
2680,4130
2681,2463
2682,3421
2683,5057
2684,3106
2685,450
2686,7911
2687,4347
2688,6186
2689,705
2690,59
2691,799
2692,1123
2693,3825
2694,6061
2695,235
2696,3346
2697,3269
2698,7466
2699,3702
2700,2854
2701,1289
2702,6711
2703,8906
2704,8813
2705,8398
2706,4898
2707,8475
2708,118
2709,5921
2710,2778
2711,8680
2712,4402
2713,2986
2714,8443
2715,3053
2716,4836
2717,9742
2718,433
2719,6210
2720,9975
2721,6626
2722,174
2723,2676
2724,3423
2725,2541
2726,5366
2727,382
2728,6775
2729,488
2730,1095
2731,1460
2732,6858
2733,948
2734,9383
2735,1643
2736,3181
2737,2056
2738,3461
2739,392
2740,8585
2741,9942
2742,5010
2743,4708
2744,7254
2745,1945
2746,1736
2747,4552
2748,7827
2749,7518
2750,6568
2751,1963
2752,5491
2753,5163
2754,114
2755,469
2756,1361
2757,2048
2758,8397
2759,1967
2760,2948
2761,7065
2762,1718
2763,1002
2764,3645
2765,9421
2766,469
2767,6568
2768,3469
2769,5542
2770,3052
2771,9947
2772,8212
2773,8797
2774,9721
2775,2984
2776,2948
2777,4513
2778,4458
2779,1030
2780,9876
2781,8404
2782,5136
2783,313
2784,3952
2785,3458
2786,3676
2787,982
2788,7870
2789,4111
2790,4613
2791,8883
2792,5051
2793,2604
2794,6668
2795,8605
2796,8100
2797,6630
2798,583
2799,772
2800,8913
2801,4523
2802,1770
2803,919
2804,7291
2805,8441
2806,7972
2807,9959
2808,6047
2809,741
2810,8580
2811,955
2812,2250
2813,3413
2814,3308
2815,9168
2816,3668
2817,251
2818,2750
2819,314
2820,8905
2821,7854
2822,2692
2823,1308
2824,5682
2825,326
2826,5644
2827,9248
2828,5411
2829,5652
2830,3343
2831,2131
2832,8717
2833,8748
2834,5731
2835,5200
2836,755
2837,4688
2838,2406
2839,8599
2840,58
2841,7994
2842,3707
2843,3178
2844,4138
2845,3445
2846,3137
2847,3700
2848,6289
2849,2825
2850,2446
2851,4807
2852,5703
2853,5329
2854,5868
2855,5280
2856,1788
2857,9002
2858,9162
2859,3112
2860,8269
2861,3723
2862,2179
2863,6554
2864,5333
2865,2540
2866,7883
2867,6364
2868,4736
2869,6676
2870,4373
2871,6652
2872,843
2873,7091
2874,7073
2875,9224
2876,8743
2877,6840
2878,1379
2879,8170
2880,813
2881,5760
2882,5408
2883,990
2884,5211
2885,8412
2886,1698
2887,722
2888,7276
2889,7885
2890,5306
2891,1881
2892,2982
2893,7391
2894,1460
2895,27
2896,6397
2897,8271
2898,6118
2899,4093
2900,2789
2901,954
2902,7059
2903,5368
2904,9412
2905,1284
2906,3580
2907,73
2908,9590
2909,2114
2910,9158
2911,6420
2912,794
2913,4388
2914,8231
2915,4358
2916,4042
2917,866
2918,7801
2919,6118
2920,1592
2921,7010
2922,8625
2923,3158
2924,6579
2925,932
2926,1913
2927,4716
2928,7145
2929,6954
2930,4265
2931,1047
2932,5863
2933,7863
2934,373
2935,6593
2936,3371
2937,8002
2938,9696
2939,9008
2940,4698
2941,5687
2942,5870
2943,2616
2944,4590
2945,7354
2946,5319
2947,2673
2948,1543
2949,4569
2950,9319
2951,832
2952,3123
2953,366
2954,5442
2955,7396
2956,4712
2957,3501
2958,9413
2959,5263
2960,5005
2961,5584
2962,3319
2963,8832
2964,281
2965,2989
2966,5359
2967,7465
2968,3411
2969,5312
2970,9407
2971,8146
2972,5560
2973,9386
2974,3742
2975,7689
2976,9755
2977,9286
2978,4708
2979,1747
2980,9223
2981,7124
2982,1406
2983,7716
2984,9520
2985,1988
2986,369
2987,9287
2988,6904
2989,9552
2990,9819
2991,906
2992,77
2993,9718
2994,8389
2995,1930
2996,4879
2997,7409
2998,6708
2999,1862
3000,80
3001,2915
3002,5807
3003,7378
3004,3988
3005,3761
3006,8523
3007,8043
3008,4247
3009,6347
3010,5106
3011,1169
3012,2814
3013,3766
3014,6147
3015,4182
3016,5685
3017,7368
3018,2066
3019,5314
3020,8008
3021,7040
3022,32
3023,1569
3024,4269
3025,8207
3026,6565
3027,9673
3028,2639
3029,2055
3030,7642
3031,2971
3032,6549
3033,4206
3034,4723
3035,2405
3036,3761
3037,8462
3038,3529
3039,786
3040,6117
3041,4477
3042,6662
3043,8031
3044,5279
3045,6068
3046,6394
3047,9099
3048,293
3049,7919
3050,6554
3051,9418
3052,3355
3053,6192
3054,6024
3055,9638
3056,7138
3057,6944
3058,7933
3059,8067
3060,5930
3061,6274
3062,9107
3063,9900
3064,2728
3065,7461
3066,2096
3067,6127
3068,7443
3069,6679
3070,8876
3071,8514
3072,136
3073,1457
3074,4707
3075,481
3076,8814
3077,8451
3078,5782
3079,7206
3080,1060
3081,4396
3082,3292
3083,1171
3084,246
3085,3365
3086,1430
3087,7614
3088,9566
3089,6395
3090,5745
3091,7881
3092,8023
3093,7816
3094,8772
3095,5422
3096,5116
3097,797
3098,8936
3099,68
3100,2463
3101,8398
3102,9607
3103,8864
3104,3862
3105,9898
3106,3710
3107,5754
3108,1440
3109,5397
3110,6620
3111,3003
3112,6662
3113,2436
3114,4349
3115,2064
3116,5708
3117,4516
3118,2432
3119,5086
3120,7670
3121,5575
3122,6771
3123,8018
3124,2919
3125,1596
3126,560
3127,1395
3128,9077
3129,2602
3130,4625
3131,9975
3132,5193
3133,5016
3134,4416
3135,5246
3136,9554
3137,9468
3138,9609
3139,7087
3140,3529
3141,2575
3142,3008
3143,5806
3144,9151
3145,7050
3146,8223
3147,4310
3148,2482
3149,111
3150,7656
3151,6040
3152,6430
3153,8853
3154,4729
3155,544
3156,7681
3157,5297
3158,3165
3159,5329
3160,503
3161,3038
3162,367
3163,9693
3164,6052
3165,5482
3166,5961
3167,8962
3168,256
3169,8284
3170,3178
3171,1460
3172,6092
3173,5141
3174,70
3175,6035
3176,4099
3177,5586
3178,280
3179,6809
3180,2219
3181,5195
3182,5187
3183,4690
3184,5435
3185,7323
3186,5510
3187,6536
3188,5782
3189,6461
3190,8157
3191,9082
3192,4358
3193,1967
3194,164
3195,4745
3196,2612
3197,8374
3198,5431
3199,5071
3200,9844
3201,2462
3202,2836
3203,5276
3204,8189
3205,4539
3206,2882
3207,1854
3208,6517
3209,7889
3210,1483
3211,108
3212,4076
3213,8060
3214,261
3215,9743
3216,2335
3217,8541
3218,3726
3219,5358
3220,9437
3221,1938
3222,6133
3223,3428
3224,2614
3225,4161
3226,6550
3227,4880
3228,7375
3229,3632
3230,3293
3231,9641
3232,8049
3233,500
3234,8364
3235,6412
3236,9746
3237,6005
3238,7047
3239,1508
3240,3691
3241,3034
3242,1981
3243,4756
3244,6056
3245,8662
3246,8049
3247,8131
3248,431
3249,3518
3250,2950
3251,5685
3252,4712
3253,6005
3254,8937
3255,978
3256,1899
3257,8359
3258,4648
3259,1990
3260,838
3261,9406
3262,9697
3263,3589
3264,5117
3265,3940
3266,8661
3267,5960
3268,7004
3269,7398
3270,7083
3271,6951
3272,1081
3273,1505
3274,6640
3275,533
3276,9044
3277,6589
3278,2668
3279,7187
3280,7488
3281,7506
3282,3489
3283,6322
3284,6555
3285,26
3286,2493
3287,8617
3288,7705
3289,2677
3290,990
3291,5102
3292,63
3293,9363
3294,4709
3295,3173
3296,363
3297,1778
3298,4995
3299,9987
3300,7169
3301,9556
3302,4688
3303,4125
3304,9601
3305,3003
3306,2602
3307,1778
3308,4404
3309,5940
3310,8570
3311,9921
3312,6916
3313,862
3314,339
3315,5113
3316,6491
3317,9829
3318,5844
3319,9243
3320,1956
3321,4672
3322,7149
3323,4397
3324,7246
3325,9715
3326,1854
3327,6398
3328,367
3329,2353
3330,1818
3331,1938
3332,6501
3333,1745
3334,1178
3335,1689
3336,3272
3337,8748
3338,7967
3339,8192
3340,6155
3341,4481
3342,6271
3343,4163
3344,7489
3345,3573
3346,433
3347,7645
3348,7644
3349,986
3350,7971
3351,318
3352,9024
3353,2475
3354,1640
3355,3111
3356,1766
3357,4001
3358,9600
3359,4053
3360,253
3361,9685
3362,5903
3363,5864
3364,4891
3365,6627
3366,7919
3367,2879
3368,6482
3369,2247
3370,5201
3371,7138
3372,9421
3373,1334
3374,5999
3375,5740
3376,7993
3377,5404
3378,7357
3379,4995
3380,1489
3381,1805
3382,2702
3383,6180
3384,5921
3385,4922
3386,9347
3387,4944
3388,5084
3389,9347
3390,3566
3391,9485
3392,9065
3393,1875
3394,9397
3395,426
3396,9432
3397,5036
3398,97
3399,3940
3400,3379
3401,5376
3402,6630
3403,478
3404,4399
3405,8137
3406,1085
3407,9168
3408,8786
3409,9702
3410,8077
3411,3966
3412,46
3413,7874
3414,1401
3415,9059
3416,3771
3417,7474
3418,3939
3419,3947
3420,7348
3421,5067
3422,9261
3423,6666
3424,6471
3425,5838
3426,2960
3427,4540
3428,6096
3429,8385
3430,1206
3431,9322
3432,4175
3433,220
3434,4513
3435,6677
3436,1061
3437,9676
3438,5631
3439,499
3440,2750
3441,8231
3442,5365
3443,1779
3444,1688
3445,4317
3446,6456
3447,8446
3448,6979
3449,7943
3450,3082
3451,9660
3452,5776
3453,8158
3454,1073
3455,6864
3456,9915
3457,2219
3458,2820
3459,3794
3460,7829
3461,6295
3462,2623
3463,1703
3464,3578
3465,3518
3466,6983
3467,6382
3468,7618
3469,1508
3470,5559
3471,7801
3472,8563
3473,8852
3474,3991
3475,6086
3476,2387
3477,5953
3478,8894
3479,9850
3480,9211
3481,5307
3482,3950
3483,9577
3484,8535
3485,5729
3486,3550
3487,5620
3488,1210
3489,3933
3490,8038
3491,6751
3492,8062
3493,5616
3494,6739
3495,8637
3496,1545
3497,3226
3498,4922
3499,2443
3500,7963
3501,838
3502,4889
3503,7319
3504,6196
3505,9504
3506,1689
3507,2955
3508,5986
3509,708
3510,5856
3511,6761
3512,3432
3513,5636
3514,4355
3515,9428
3516,5787
3517,5254
3518,7176
3519,904
3520,5462
3521,1240
3522,617
3523,4728
3524,493
3525,6321
3526,5989
3527,1458
3528,5342
3529,7685
3530,8224
3531,2465
3532,9091
3533,4244
3534,8107
3535,4559
3536,6484
3537,3407
3538,350
3539,9365
3540,9914
3541,8904
3542,6914
3543,6336
3544,7806
3545,6502
3546,4987
3547,5265
3548,5296
3549,4354
3550,7378
3551,5234
3552,4036
3553,1393
3554,1361
3555,1456
3556,6182
3557,9853
3558,4488
3559,681
3560,2046
3561,1362
3562,413
3563,6756
3564,6687
3565,1507
3566,3151
3567,5655
3568,4697
3569,8678
3570,2811
3571,24
3572,5454
3573,531
3574,935
3575,9236
3576,6594
3577,9444
3578,7292
3579,7270
3580,4395
3581,9465
3582,6962
3583,1797
3584,9720
3585,219
3586,4931
3587,684
3588,4222
3589,5162
3590,7601
3591,5543
3592,5998
3593,2518
3594,8867
3595,7847
3596,3394
3597,4390
3598,5098
3599,9058
3600,1942
3601,7273
3602,1763
3603,8570
3604,627
3605,9335
3606,8277
3607,5064
3608,6918
3609,7282
3610,4329
3611,6853
3612,2720
3613,9438
3614,6490
3615,8053
3616,5110
3617,2875
3618,7938
3619,7440
3620,5113
3621,7195
3622,5732
3623,990
3624,6688
3625,7188
3626,6248
3627,1775
3628,6193
3629,5171
3630,2352
3631,4804
3632,6798
3633,2123
3634,4122
3635,2397
3636,9516
3637,6521
3638,6222
3639,3728
3640,9583
3641,3125
3642,5383
3643,1154
3644,2386
3645,8855
3646,5262
3647,7942
3648,8611
3649,8291
3650,8002
3651,6287
3652,7722
3653,2259
3654,6052
3655,8676
3656,7961
3657,8864
3658,2927
3659,111
3660,5519
3661,1069
3662,8805
3663,7761
3664,327
3665,9824
3666,1300
3667,7158
3668,558
3669,4109
3670,695
3671,9696
3672,4002
3673,3280
3674,857
3675,2595
3676,5157
3677,39
3678,2132
3679,2508
3680,4593
3681,7386
3682,6791
3683,3119
3684,837
3685,3016
3686,2231
3687,5531
3688,6830
3689,7199
3690,4268
3691,3628
3692,2545
3693,4776
3694,2284
3695,3853
3696,4948
3697,700
3698,1285
3699,2184
3700,332
3701,6135
3702,2980
3703,7580
3704,4337
3705,7400
3706,915
3707,4874
3708,1646
3709,193
3710,2318
3711,6300
3712,4821
3713,2258
3714,4966
3715,2305
3716,9120
3717,3980
3718,8319
3719,809
3720,6177
3721,8756
3722,2564
3723,1306
3724,2794
3725,2647
3726,1675
3727,1213
3728,1161
3729,9828
3730,6498
3731,9352
3732,7259
3733,331
3734,8
3735,6153
3736,7186
3737,1456
3738,1705
3739,5915
3740,337
3741,4411
3742,417
3743,5960
3744,5796
3745,3615
3746,1922
3747,3612
3748,5532
3749,8549
3750,2529
3751,2593
3752,8968
3753,8676
3754,1930
3755,6508
3756,2511
3757,8175
3758,9380
3759,660
3760,3674
3761,3676
3762,4526
3763,9914
3764,7151
3765,8588
3766,601
3767,5449
3768,1287
3769,908
3770,8032
3771,1724
3772,2977
3773,1223
3774,4945
3775,2710
3776,1008
3777,6486
3778,1215
3779,9058
3780,6287
3781,1941
3782,8817
3783,887
3784,9173
3785,9666
3786,7042
3787,2023
3788,8532
3789,1237
3790,3403
3791,8405
3792,3483
3793,8519
3794,7214
3795,6785
3796,5963
3797,4256
3798,6089
3799,8658
3800,9590
3801,4689
3802,5370
3803,2718
3804,3571
3805,3082
3806,5298
3807,5129
3808,1006
3809,3338
3810,7010
3811,7783
3812,1453
3813,4721
3814,7410
3815,4768
3816,4894
3817,275
3818,4833
3819,5919
3820,5500
3821,2619
3822,6534
3823,8086
3824,8544
3825,2713
3826,6405
3827,2914
3828,6163
3829,1866
3830,7021
3831,8983
3832,9953
3833,7618
3834,9406
3835,1800
3836,4682
3837,2905
3838,375
3839,5957
3840,131
3841,3599
3842,7150
3843,4385
3844,6185
3845,7773
3846,9497
3847,2462
3848,9269
3849,2250
3850,9897
3851,9096
3852,1179
3853,7158
3854,679
3855,9483
3856,1213
3857,1686
3858,2503
3859,7809
3860,4892
3861,989
3862,1416
3863,9404
3864,9838
3865,8228
3866,6541
3867,5020
3868,1803
3869,6614
3870,5974
3871,7310
3872,6465
3873,7754
3874,5495
3875,786
3876,6680
3877,2317
3878,7210
3879,903
3880,880
3881,7995
3882,289
3883,9061
3884,9926
3885,4730
3886,7363
3887,6694
3888,6166
3889,3956
3890,9688
3891,1089
3892,5738
3893,639
3894,7344
3895,1061
3896,3280
3897,7722
3898,2061
3899,6559
3900,7737
3901,5270
3902,1009
3903,9912
3904,8590
3905,9854
3906,881
3907,8879
3908,5117
3909,3269
3910,1545
3911,4686
3912,4514
3913,4539
3914,2426
3915,5274
3916,7089
3917,1739
3918,6078
3919,3820
3920,2255
3921,6340
3922,1244
3923,9608
3924,8656
3925,3330
3926,9751
3927,6423
3928,2794
3929,696
3930,1025
3931,6437
3932,6937
3933,7789
3934,2637
3935,8040
3936,9068
3937,1776
3938,2513
3939,219
3940,1773
3941,3992
3942,3562
3943,1671
3944,5198
3945,8413
3946,7210
3947,8141
3948,2383
3949,4109
3950,7852
3951,98
3952,8620
3953,1964
3954,7896
3955,9831
3956,802
3957,7803
3958,7970
3959,948
3960,1810
3961,1459
3962,9517
3963,641
3964,2558
3965,542
3966,1021
3967,7537
3968,2977
3969,4947
3970,1162
3971,2971
3972,1788
3973,1564
3974,6352
3975,7990
3976,3418
3977,3397
3978,2675
3979,3216
3980,1492
3981,8068
3982,1392
3983,8075
3984,3793
3985,159
3986,7199
3987,7444
3988,9973
3989,3294
3990,1125
3991,6018
3992,9195
3993,7774
3994,8758
3995,1288
3996,8061
3997,2959
3998,3943
3999,1431
4000,5872
4001,6651
4002,448
4003,8611
4004,1805
4005,852
4006,1232
4007,4287
4008,9129
4009,1064
4010,5020
4011,2583
4012,5830
4013,4195
4014,8784
4015,9355
4016,1634
4017,2802
4018,406
4019,3027
4020,8141
4021,4223
4022,8803
4023,8468
4024,1609
4025,8190
4026,4846
4027,9197
4028,1402
4029,3
4030,9293
4031,5790
4032,4092
4033,4621
4034,4744
4035,7638
4036,5732
4037,4515
4038,4574
4039,8662
4040,6015
4041,2298
4042,758
4043,3336
4044,9446
4045,1968
4046,2942
4047,678
4048,5923
4049,8088
4050,9567
4051,3192
4052,1245
4053,82
4054,4098
4055,6926
4056,8079
4057,8678
4058,555
4059,1909
4060,6600
4061,4301
4062,6340
4063,6010
4064,859
4065,6204
4066,2693
4067,3289
4068,374
4069,6286
4070,9934
4071,8960
4072,9007
4073,3501
4074,9959
4075,5925
4076,4235
4077,4045
4078,1919
4079,2976
4080,2600
4081,7909
4082,1168
4083,2390
4084,1658
4085,3035
4086,2852
4087,8276
4088,9443
4089,3802
4090,993
4091,4244
4092,7899
4093,3395
4094,6895
4095,1455
4096,112
4097,8653
4098,7355
4099,6015
4100,6662
4101,8410
4102,692
4103,2704
4104,3119
4105,1896
4106,3314
4107,4210
4108,1334
4109,1872
4110,3078
4111,9005
4112,662
4113,9966
4114,9053
4115,7346
4116,2567
4117,9774
4118,2574
4119,9162
4120,2024
4121,1663
4122,243
4123,5934
4124,360
4125,4743
4126,2420
4127,530
4128,1678
4129,8451
4130,3726
4131,6094
4132,5225
4133,1545
4134,7987
4135,9082
4136,1762
4137,1852
4138,5819
4139,789
4140,9886
4141,8315
4142,4249
4143,4898
4144,2463
4145,1718
4146,7528
4147,1344
4148,8553
4149,2974
4150,6612
4151,5861
4152,642
4153,9849
4154,9301
4155,6518
4156,6691
4157,4910
4158,85
4159,6933
4160,6891
4161,6227
4162,7475
4163,8632
4164,6611
4165,7760
4166,6592
4167,6818
4168,9212
4169,1391
4170,9703
4171,4016
4172,6580
4173,7971
4174,6378
4175,7458
4176,2808
4177,3538
4178,5655
4179,6547
4180,8899
4181,7825
4182,2585
4183,3655
4184,9509
4185,8682
4186,7691
4187,8129
4188,9567
4189,5692
4190,6663
4191,7982
4192,4586
4193,16
4194,1053
4195,4129
4196,439
4197,579
4198,7711
4199,9500
4200,2433
4201,4052
4202,2073
4203,3959
4204,1615
4205,860
4206,3294
4207,6321
4208,1909
4209,5589
4210,2525
4211,9824
4212,58
4213,9097
4214,4194
4215,934
4216,2453
4217,2776
4218,2601
4219,8242
4220,2080
4221,7125
4222,4078
4223,5184
4224,3903
4225,2094
4226,3728
4227,6846
4228,3802
4229,4598
4230,5252
4231,5852
4232,3525
4233,2816
4234,4645
4235,3696
4236,6385
4237,266
4238,264
4239,99
4240,3483
4241,9316
4242,8318
4243,2955
4244,6130
4245,7883
4246,5523
4247,1029
4248,3734
4249,1767
4250,7364
4251,3150
4252,28
4253,141
4254,4670
4255,2287
4256,9358
4257,1458
4258,1696
4259,6835
4260,2111
4261,7437
4262,9970
4263,6647
4264,1532
4265,8582
4266,1839
4267,9533
4268,6638
4269,5601
4270,9534
4271,6444
4272,2252
4273,9954
4274,7295
4275,6343
4276,3086
4277,636
4278,4128
4279,3368
4280,1020
4281,5706
4282,3679
4283,8569
4284,3140
4285,8808
4286,6106
4287,7343
4288,2715
4289,4591
4290,4946
4291,9908
4292,5675
4293,7739
4294,6142
4295,5615
4296,4746
4297,3275
4298,4476
4299,5634
4300,5611
4301,2245
4302,4786
4303,7856
4304,6462
4305,2707
4306,3731
4307,5353
4308,1010
4309,7870
4310,2157
4311,1299
4312,9643
4313,453
4314,6831
4315,5559
4316,7342
4317,5866
4318,4375
4319,7781
4320,650
4321,2569
4322,7721
4323,5732
4324,6833
4325,9158
4326,1516
4327,5114
4328,3443
4329,2226
4330,2783
4331,8516
4332,2491
4333,4649
4334,1641
4335,596
4336,9923
4337,5484
4338,8030
4339,7316
4340,6435
4341,4358
4342,7069
4343,5707
4344,2919
4345,5021
4346,182
4347,875
4348,9598
4349,678
4350,6425
4351,1251
4352,8398
4353,7397
4354,6682
4355,3864
4356,1877
4357,1200
4358,736
4359,6731
4360,283
4361,2815
4362,8780
4363,5943
4364,1939
4365,8995
4366,4247
4367,8394
4368,7184
4369,6112
4370,4965
4371,350
4372,3637
4373,5208
4374,4037
4375,9890
4376,9028
4377,2693
4378,6186
4379,745
4380,8247
4381,6706
4382,7108
4383,7727
4384,141
4385,3990
4386,903
4387,4260
4388,9197
4389,9711
4390,7582
4391,3126
4392,3846
4393,5223
4394,6904
4395,4751
4396,6103
4397,5590
4398,2624
4399,4680
4400,4586
4401,7059
4402,8314
4403,8248
4404,8731
4405,8024
4406,4425
4407,5518
4408,3958
4409,321
4410,5854
4411,8263
4412,1470
4413,1392
4414,5899
4415,5484
4416,6186
4417,3841
4418,6742
4419,5851
4420,2763
4421,4341
4422,1497
4423,7392
4424,4552
4425,381
4426,4006
4427,4015
4428,4986
4429,7173
4430,3271
4431,1489
4432,9972
4433,6522
4434,339
4435,9897
4436,6377
4437,3786
4438,7581
4439,1858
4440,8433
4441,4102
4442,7447
4443,7719
4444,9351
4445,2998
4446,6036
4447,9278
4448,5130
4449,3513
4450,1018
4451,7586
4452,339
4453,1879
4454,1990
4455,4587
4456,4406
4457,7206
4458,1370
4459,8092
4460,6609
4461,7781
4462,3233
4463,3241
4464,8161
4465,8649
4466,3316
4467,3939
4468,1044
4469,3681
4470,8837
4471,6898
4472,8890
4473,3656
4474,6328
4475,5389
4476,2308
4477,6070
4478,4369
4479,6057
4480,2815
4481,8595
4482,2584
4483,3068
4484,9610
4485,4810
4486,6505
4487,9037
4488,1954
4489,8917
4490,2328
4491,8522
4492,927
4493,4939
4494,6610
4495,8964
4496,8855
4497,3090
4498,3887
4499,5131
4500,64
4501,8307
4502,4468
4503,5266
4504,5267
4505,7049
4506,7685
4507,9967
4508,8540
4509,213
4510,3639
4511,2865
4512,1678
4513,9522
4514,5043
4515,494
4516,2675
4517,2080
4518,6166
4519,1912
4520,9313
4521,8639
4522,4725
4523,4044
4524,4488
4525,9577
4526,5342
4527,3975
4528,1112
4529,9916
4530,3130
4531,1492
4532,3952
4533,4706
4534,3679
4535,5590
4536,1089
4537,4127
4538,3122
4539,1199
4540,8769
4541,7623
4542,873
4543,1339
4544,7835
4545,6634
4546,2319
4547,3356
4548,7651
4549,5101
4550,8512
4551,2818
4552,631
4553,6790
4554,9796
4555,5959
4556,2498
4557,1988
4558,7977
4559,3652
4560,6618
4561,6552
4562,6856
4563,7604
4564,2041
4565,8484
4566,9434
4567,1699
4568,9288
4569,4430
4570,2004
4571,7362
4572,7
4573,2032
4574,3741
4575,1690
4576,5850
4577,8992
4578,3616
4579,1849
4580,6622
4581,3255
4582,8236
4583,3422
4584,5449
4585,4113
4586,6841
4587,6878
4588,4318
4589,8336
4590,7174
4591,9377
4592,3296
4593,2924
4594,4206
4595,3292
4596,6446
4597,2811
4598,1721
4599,555
4600,1389
4601,713
4602,2078
4603,811
4604,8387
4605,7236
4606,1141
4607,4225
4608,7599
4609,9463
4610,282
4611,6939
4612,6359
4613,2737
4614,1263
4615,625
4616,7145
4617,7425
4618,5257
4619,9414
4620,2739
4621,4017
4622,7082
4623,209
4624,4749
4625,4028
4626,127
4627,6707
4628,4052
4629,6156
4630,1551
4631,4164
4632,9602
4633,2468
4634,7556
4635,2495
4636,7481
4637,8103
4638,5398
4639,1174
4640,3279
4641,5588
4642,8418
4643,7011
4644,3506
4645,8687
4646,346
4647,6237
4648,3452
4649,1020
4650,5063
4651,147
4652,322
4653,2170
4654,5801
4655,3080
4656,9367
4657,6106
4658,6271
4659,3595
4660,3054
4661,3259
4662,2801
4663,1729
4664,3228
4665,8692
4666,7418
4667,4546
4668,5564
4669,1981
4670,3284
4671,5229
4672,9340
4673,6714
4674,2572
4675,6120
4676,6996
4677,8644
4678,3204
4679,8904
4680,1239
4681,9846
4682,1143
4683,2585
4684,3170
4685,5393
4686,8535
4687,1434
4688,6065
4689,7565
4690,8354
4691,7321
4692,1297
4693,364
4694,195
4695,4022
4696,8912
4697,9836
4698,7525
4699,7111
4700,2960
4701,9882
4702,9458
4703,8392
4704,4923
4705,9485
4706,7754
4707,8588
4708,4113
4709,1302
4710,3103
4711,7252
4712,3356
4713,4674
4714,5981
4715,4459
4716,6356
4717,9897
4718,6903
4719,4268
4720,7807
4721,6310
4722,3820
4723,6976
4724,7280
4725,8163
4726,7961
4727,7064
4728,2368
4729,641
4730,9304
4731,2579
4732,6570
4733,7121
4734,8870
4735,7420
4736,6976
4737,9730
4738,5378
4739,9668
4740,3788
4741,2807
4742,96
4743,6919
4744,9633
4745,1892
4746,6110
4747,6717
4748,3007
4749,8277
4750,2462
4751,9024
4752,2837
4753,763
4754,3266
4755,4469
4756,8496
4757,8996
4758,9094
4759,4361
4760,1394
4761,3222
4762,4135
4763,265
4764,9886
4765,8327
4766,6034
4767,638
4768,1168
4769,1756
4770,1159
4771,9859
4772,8010
4773,9309
4774,8363
4775,9748
4776,2888
4777,5153
4778,7997
4779,6981
4780,4229
4781,3787
4782,2736
4783,1244
4784,3558
4785,2832
4786,3927
4787,396
4788,9605
4789,5411
4790,2592
4791,6703
4792,3864
4793,7391
4794,4183
4795,3087
4796,8303
4797,9201
4798,8683
4799,9457
4800,8781
4801,7696
4802,5053
4803,9870
4804,3294
4805,3530
4806,7844
4807,2399
4808,9783
4809,3532
4810,350
4811,9157
4812,922
4813,5229
4814,4289
4815,5363
4816,6776
4817,8199
4818,1520
4819,1848
4820,8881
4821,7572
4822,8585
4823,6860
4824,7016
4825,3809
4826,5403
4827,9287
4828,6402
4829,2513
4830,4772
4831,329
4832,3053
4833,6961
4834,4105
4835,2761
4836,8380
4837,3683
4838,4687
4839,1597
4840,5872
4841,4249
4842,3973
4843,5634
4844,915
4845,6752
4846,2773
4847,4969
4848,6174
4849,1287
4850,3200
4851,2526
4852,43
4853,7434
4854,7798
4855,3606
4856,9956
4857,5439
4858,2407
4859,7781
4860,6874
4861,5580
4862,8323
4863,9642
4864,9602
4865,2099
4866,7325
4867,4151
4868,4698
4869,4908
4870,4223
4871,4320
4872,6441
4873,5549
4874,5463
4875,8463
4876,3380
4877,7448
4878,2719
4879,8802
4880,9804
4881,7521
4882,6171
4883,1138
4884,4917
4885,827
4886,667
4887,4288
4888,2050
4889,4542
4890,7263
4891,9758
4892,2236
4893,1846
4894,3210
4895,4456
4896,8194
4897,9355
4898,4432
4899,9485
4900,3177
4901,4681
4902,1817
4903,9102
4904,8708
4905,7788
4906,8327
4907,3121
4908,5056
4909,5033
4910,3492
4911,2562
4912,7926
4913,7579
4914,7413
4915,1287
4916,7972
4917,9129
4918,6315
4919,9551
4920,6165
4921,2433
4922,8520
4923,934
4924,2779
4925,4883
4926,1198
4927,775
4928,3999
4929,1980
4930,3779
4931,7599
4932,64
4933,6158
4934,5297
4935,8618
4936,7239
4937,88
4938,8890
4939,9372
4940,9163
4941,5559
4942,9448
4943,4574
4944,3152
4945,697
4946,1762
4947,5874
4948,5339
4949,9673
4950,3899
4951,2837
4952,8864
4953,5724
4954,3909
4955,5601
4956,8252
4957,151
4958,5219
4959,4012
4960,7487
4961,7307
4962,4284
4963,8640
4964,17
4965,7502
4966,2554
4967,8920
4968,3301
4969,9799
4970,4210
4971,2003
4972,5178
4973,2742
4974,847
4975,1848
4976,9182
4977,5486
4978,2055
4979,1351
4980,9214
4981,335
4982,7455
4983,3928
4984,2761
4985,868
4986,1642
4987,4034
4988,6723
4989,2822
4990,4189
4991,8745
4992,4756
4993,6571
4994,4654
4995,9109
4996,6448
4997,1727
4998,6266
4999,7260
5000,5666
5001,1165
5002,2901
5003,555
5004,1297
5005,2378
5006,8972
5007,1894
5008,9957
5009,7934
5010,3975
5011,7177
5012,9586
5013,5551
5014,7579
5015,8202
5016,1091
5017,2348
5018,1740
5019,3582
5020,6098
5021,2420
5022,4831
5023,9860
5024,7316
5025,6737
5026,9309
5027,1378
5028,4562
5029,8868
5030,6355
5031,9130
5032,2657
5033,1261
5034,1606
5035,6088
5036,6947
5037,6374
5038,2821
5039,8443
5040,8343
5041,1502
5042,8375
5043,9853
5044,7691
5045,2877
5046,2147
5047,3457
5048,930
5049,5529
5050,8526
5051,3928
5052,256
5053,820
5054,6926
5055,3792
5056,5137
5057,5071
5058,7149
5059,8442
5060,1626
5061,2448
5062,2410
5063,9430
5064,5640
5065,683
5066,2618
5067,589
5068,9749
5069,2816
5070,7420
5071,4811
5072,5241
5073,3457
5074,3833
5075,8503
5076,7612
5077,1917
5078,2106
5079,1632
5080,521
5081,9630
5082,8820
5083,4278
5084,9583
5085,3420
5086,8270
5087,6689
5088,3617
5089,1948
5090,8771
5091,1266
5092,6301
5093,7208
5094,7491
5095,5685
5096,106
5097,7852
5098,9860
5099,7199
5100,3338
5101,5642
5102,1830
5103,7530
5104,7279
5105,3307
5106,2099
5107,314
5108,682
5109,8387
5110,4293
5111,2683
5112,1470
5113,6175
5114,3874
5115,1065
5116,7075
5117,4606
5118,1171
5119,1740
5120,7463
5121,4761
5122,1938
5123,8782
5124,7087
5125,3009
5126,2705
5127,666
5128,3611
5129,7123
5130,4120
5131,5650
5132,6119
5133,7530
5134,6886
5135,6669
5136,2221
5137,305
5138,6473
5139,6843
5140,6952
5141,3123
5142,7688
5143,9591
5144,5988
5145,2161
5146,4301
5147,9352
5148,7905
5149,8159
5150,7840
5151,6115
5152,1319
5153,3596
5154,9279
5155,7649
5156,6995
5157,5533
5158,2362
5159,9897
5160,3199
5161,7813
5162,8538
5163,7577
5164,8175
5165,3458
5166,5457
5167,4662
5168,3911
5169,1030
5170,7661
5171,7342
5172,2299
5173,2705
5174,8455
5175,1046
5176,1839
5177,456
5178,4280
5179,9461
5180,7245
5181,8308
5182,7322
5183,5324
5184,5300
5185,8953
5186,7756
5187,8320
5188,9229
5189,2097
5190,8000
5191,6678
5192,4137
5193,9733
5194,639
5195,6361
5196,871
5197,1943
5198,8796
5199,891
5200,7634
5201,3471
5202,8933
5203,2950
5204,1654
5205,5024
5206,3829
5207,5278
5208,7619
5209,2214
5210,519
5211,693
5212,7098
5213,9487
5214,2134
5215,4346
5216,9284
5217,9459
5218,367
5219,5455
5220,6386
5221,1681
5222,4888
5223,8469
5224,5567
5225,7879
5226,2730
5227,1174
5228,5426
5229,4125
5230,6217
5231,4767
5232,6768
5233,239
5234,1444
5235,7912
5236,574
5237,5526
5238,3032
5239,7905
5240,5860
5241,5713
5242,9551
5243,1355
5244,5853
5245,9333
5246,8325
5247,9953
5248,6570
5249,6926
5250,8795
5251,49
5252,7830
5253,6289
5254,9157
5255,5258
5256,6388
5257,9040
5258,2495
5259,147
5260,8901
5261,3480
5262,3708
5263,4566
5264,5398
5265,4635
5266,3454
5267,712
5268,8471
5269,4741
5270,4322
5271,9173
5272,6470
5273,6125
5274,3426
5275,2220
5276,7785
5277,4970
5278,3502
5279,7925
5280,762
5281,7055
5282,2757
5283,9563
5284,7068
5285,308
5286,1997
5287,3754
5288,5356
5289,2963
5290,6546
5291,9637
5292,4564
5293,8668
5294,8571
5295,8420
5296,7625
5297,3141
5298,7832
5299,3305
5300,2755
5301,1090
5302,8951
5303,493
5304,9757
5305,5485
5306,230
5307,4412
5308,2578
5309,2530
5310,9891
5311,3210
5312,2152
5313,7353
5314,304
5315,6112
5316,8121
5317,2016
5318,8946
5319,8279
5320,2491
5321,5573
5322,7816
5323,720
5324,6834
5325,653
5326,7448
5327,1053
5328,6475
5329,6180
5330,5333
5331,8256
5332,3017
5333,7681
5334,7741
5335,9678
5336,9789
5337,8069
5338,1919
5339,9903
5340,3854
5341,7264
5342,7386
5343,7812
5344,3672
5345,8000
5346,2112
5347,4549
5348,1072
5349,3080
5350,1785
5351,8311
5352,1733
5353,7561
5354,5780
5355,6375
5356,7091
5357,2143
5358,6872
5359,5382
5360,7762
5361,2586
5362,1577
5363,8560
5364,3275
5365,8838
5366,8198
5367,5354
5368,4634
5369,8666
5370,6159
5371,904
5372,4062
5373,3242
5374,3397
5375,9736
5376,3518
5377,4521
5378,2265
5379,9422
5380,1078
5381,9391
5382,6470
5383,5421
5384,5039
5385,6787
5386,4298
5387,4959
5388,2172
5389,8469
5390,9903
5391,801
5392,3408
5393,9643
5394,7097
5395,5502
5396,2381
5397,9941
5398,8728
5399,2775
5400,1528
5401,975
5402,5500
5403,4571
5404,2985
5405,6339
5406,6200
5407,601
5408,174
5409,1512
5410,7360
5411,1823
5412,2910
5413,9771
5414,9884
5415,2397
5416,5019
5417,8072
5418,4991
5419,4364
5420,1969
5421,2677
5422,2449
5423,5396
5424,1611
5425,491
5426,1079
5427,830
5428,7220
5429,6738
5430,1621
5431,8935
5432,683
5433,2296
5434,8650
5435,4030
5436,1648
5437,1406
5438,2521
5439,7963
5440,9516
5441,9120
5442,472
5443,5243
5444,29
5445,7886
5446,8177
5447,1644
5448,782
5449,2075
5450,9046
5451,6113
5452,2421
5453,4753
5454,4865
5455,9426
5456,5653
5457,4255
5458,4537
5459,8036
5460,4868
5461,5393
5462,4897
5463,2608
5464,3079
5465,5770
5466,971
5467,931
5468,7146
5469,7201
5470,7658
5471,9826
5472,7020
5473,7877
5474,3445
5475,3895
5476,2582
5477,2989
5478,2151
5479,5884
5480,9612
5481,2513
5482,8339
5483,8387
5484,5724
5485,7775
5486,1476
5487,8143
5488,1188
5489,6379
5490,7171
5491,5123
5492,2016
5493,4710
5494,7522
5495,7333
5496,5137
5497,2553
5498,7093
5499,5279
5500,1929
5501,1966
5502,5264
5503,3170
5504,8530
5505,5339
5506,6619
5507,8278
5508,7358
5509,8332
5510,1411
5511,8147
5512,7257
5513,6109
5514,1210
5515,1557
5516,6059
5517,81
5518,4302
5519,2240
5520,2298
5521,8977
5522,6359
5523,2832
5524,4429
5525,852
5526,5354
5527,3914
5528,1963
5529,1415
5530,2731
5531,3141
5532,7649
5533,7594
5534,2367
5535,2655
5536,1410
5537,1079
5538,3359
5539,8750
5540,1256
5541,2047
5542,152
5543,9331
5544,5945
5545,2771
5546,6736
5547,3724
5548,6998
5549,2476
5550,1187
5551,8567
5552,6029
5553,1271
5554,2683
5555,5422
5556,830
5557,3425
5558,5758
5559,5876
5560,1002
5561,3002
5562,2145
5563,6218
5564,5367
5565,7145
5566,523
5567,4286
5568,4384
5569,9837
5570,8372
5571,4320
5572,9289
5573,4890
5574,1708
5575,8018
5576,8305
5577,5672
5578,3656
5579,6876
5580,4432
5581,1460
5582,8135
5583,4026
5584,6512
5585,6513
5586,1090
5587,3954
5588,3176
5589,4863
5590,5778
5591,3477
5592,9794
5593,438
5594,5884
5595,5650
5596,7470
5597,4719
5598,6679
5599,2081
5600,464
5601,2207
5602,1774
5603,7827
5604,7989
5605,4913
5606,5681
5607,4083
5608,1587
5609,5199
5610,2262
5611,8457
5612,1182
5613,8429
5614,6861
5615,7707
5616,7686
5617,4402
5618,1297
5619,5904
5620,1486
5621,4019
5622,4506
5623,4339
5624,9544
5625,1070
5626,3215
5627,9440
5628,5963
5629,5856
5630,9224
5631,526
5632,3974
5633,7011
5634,3170
5635,2681
5636,5231
5637,4408
5638,7356
5639,907
5640,8868
5641,9293
5642,127
5643,9094
5644,5363
5645,2203
5646,330
5647,9984
5648,5493
5649,2702
5650,8555
5651,4572
5652,6693
5653,6578
5654,649
5655,8977
5656,7390
5657,9030
5658,2014
5659,9657
5660,9890
5661,6640
5662,226
5663,24
5664,8903
5665,4845
5666,5251
5667,4919
5668,6283
5669,3907
5670,3473
5671,7868
5672,8665
5673,229
5674,6197
5675,8440
5676,3140
5677,9282
5678,674
5679,3500
5680,7840
5681,2586
5682,8932
5683,2937
5684,880
5685,1550
5686,772
5687,6595
5688,8137
5689,7171
5690,2525
5691,4065
5692,1702
5693,6979
5694,6377
5695,2723
5696,6757
5697,6144
5698,2821
5699,4256
5700,9918
5701,9269
5702,2980
5703,4956
5704,580
5705,2379
5706,2382
5707,6226
5708,8756
5709,3781
5710,5097
5711,8275
5712,395
5713,2233
5714,5904
5715,11
5716,7428
5717,7308
5718,7327
5719,381
5720,910
5721,3464
5722,8577
5723,363
5724,1819
5725,828
5726,721
5727,4052
5728,3045
5729,3952
5730,4988
5731,441
5732,1692
5733,3124
5734,5784
5735,8605
5736,8555
5737,5604
5738,9854
5739,8729
5740,3672
5741,4282
5742,6050
5743,9786
5744,8265
5745,4160
5746,5235
5747,824
5748,1124
5749,4640
5750,6286
5751,1171
5752,927
5753,298
5754,5373
5755,6620
5756,7799
5757,3297
5758,6733
5759,7325
5760,4204
5761,5794
5762,1837
5763,3078
5764,7288
5765,338
5766,8626
5767,597
5768,4608
5769,9492
5770,2840
5771,5041
5772,4739
5773,8467
5774,1154
5775,8195
5776,1744
5777,4450
5778,914
5779,1602
5780,69
5781,8398
5782,8341
5783,7914
5784,5138
5785,5660
5786,7445
5787,3367
5788,3323
5789,2804
5790,6834
5791,5012
5792,3964
5793,1193
5794,619
5795,7690
5796,5735
5797,2308
5798,8694
5799,3591
5800,8425
5801,5117
5802,4431
5803,4974
5804,8650
5805,7382
5806,1037
5807,6228
5808,8883
5809,1123
5810,5984
5811,1166
5812,8490
5813,9817
5814,9703
5815,5556
5816,8505
5817,4386
5818,5070
5819,1074
5820,8157
5821,2011
5822,5012
5823,6715
5824,2058
5825,9114
5826,3850
5827,1610
5828,4444
5829,815
5830,8008
5831,663
5832,1896
5833,4005
5834,6234
5835,5139
5836,6497
5837,2069
5838,4215
5839,7248
5840,6598
5841,888
5842,7954
5843,8719
5844,9464
5845,6487
5846,9993
5847,2567
5848,6858
5849,481
5850,4363
5851,4687
5852,9937
5853,152
5854,4823
5855,1928
5856,9659
5857,3880
5858,319
5859,7994
5860,8844
5861,6101
5862,7563
5863,4186
5864,8691
5865,960
5866,6378
5867,7476
5868,5419
5869,773
5870,2596
5871,1851
5872,3197
5873,4900
5874,1803
5875,7594
5876,7731
5877,1227
5878,6207
5879,6694
5880,3095
5881,3020
5882,5968
5883,4370
5884,1258
5885,1440
5886,9742
5887,8686
5888,1617
5889,9128
5890,5421
5891,7774
5892,6410
5893,5467
5894,229
5895,2354
5896,540
5897,7745
5898,4085
5899,3127
5900,5772
5901,2042
5902,1319
5903,1145
5904,3084
5905,6556
5906,4047
5907,3635
5908,5934
5909,8616
5910,2829
5911,4005
5912,4550
5913,4072
5914,2834
5915,5328
5916,4141
5917,9335
5918,5118
5919,5106
5920,34
5921,7532
5922,6296
5923,5145
5924,1643
5925,5141
5926,4344
5927,1413
5928,3145
5929,3340
5930,8126
5931,1710
5932,2809
5933,8520
5934,981
5935,2190
5936,3703
5937,8419
5938,6034
5939,3309
5940,6493
5941,2195
5942,9782
5943,7112
5944,6410
5945,328
5946,1987
5947,9101
5948,7085
5949,8769
5950,2604
5951,470
5952,8272
5953,9515
5954,7924
5955,1119
5956,8274
5957,9959
5958,8904
5959,2822
5960,3261
5961,582
5962,7241
5963,7582
5964,1046
5965,1107
5966,8786
5967,4591
5968,9378
5969,1054
5970,312
5971,4445
5972,6901
5973,6609
5974,2063
5975,4787
5976,9942
5977,5680
5978,3641
5979,5837
5980,1263
5981,5186
5982,5241
5983,6495
5984,9953
5985,1238
5986,9558
5987,6022
5988,5124
5989,5380
5990,2971
5991,8824
5992,939
5993,8306
5994,6219
5995,2442
5996,8550
5997,159
5998,3970
5999,6542
6000,6321
6001,1935
6002,7046
6003,471
6004,2410
6005,4068
6006,7212
6007,891
6008,7600
6009,4805
6010,2407
6011,9923
6012,4839
6013,7758
6014,4092
6015,4498
6016,2855
6017,9011
6018,7649
6019,3568
6020,6356
6021,1906
6022,4900
6023,2962
6024,249
6025,8244
6026,9463
6027,455
6028,6750
6029,832
6030,3784
6031,273
6032,9128
6033,2621
6034,2559
6035,4446
6036,6735
6037,353
6038,6225
6039,4563
6040,4939
6041,6874
6042,3266
6043,7284
6044,8183
6045,5896
6046,5511
6047,34
6048,3336
6049,150
6050,6281
6051,8609
6052,2807
6053,9123
6054,4854
6055,2629
6056,4074
6057,4593
6058,6577
6059,537
6060,2865
6061,2506
6062,5770
6063,8699
6064,7627
6065,6937
6066,2520
6067,375
6068,153
6069,2300
6070,8658
6071,4319
6072,8346
6073,8388
6074,1277
6075,9940
6076,8982
6077,7238
6078,9151
6079,7907
6080,8359
6081,8482
6082,7747
6083,4575
6084,1233
6085,5677
6086,5382
6087,230
6088,5762
6089,4685
6090,1790
6091,2099
6092,9619
6093,720
6094,458
6095,8768
6096,6847
6097,7433
6098,899
6099,534
6100,2907
6101,3065
6102,3058
6103,707
6104,9587
6105,6134
6106,1580
6107,8454
6108,9302
6109,3386
6110,136
6111,1129
6112,1687
6113,9019
6114,2514
6115,6331
6116,8277
6117,754
6118,3383
6119,9082
6120,5668
6121,4218
6122,800
6123,5258
6124,9466
6125,9544
6126,4956
6127,8724
6128,5702
6129,1905
6130,9926
6131,4670
6132,2234
6133,6172
6134,5238
6135,4627
6136,2633
6137,212
6138,5027
6139,7999
6140,5131
6141,7130
6142,6550
6143,7416
6144,9454
6145,2678
6146,6506
6147,8284
6148,6135
6149,679
6150,4735
6151,1556
6152,1846
6153,1711
6154,7005
6155,3554
6156,8791
6157,9972
6158,614
6159,3004
6160,3269
6161,8180
6162,8517
6163,7108
6164,4009
6165,40
6166,9042
6167,7043
6168,7184
6169,6243
6170,327
6171,6898
6172,2474
6173,4712
6174,4749
6175,5173
6176,8127
6177,2054
6178,4255
6179,3300
6180,7276
6181,9601
6182,304
6183,1031
6184,5627
6185,4797
6186,4201
6187,1134
6188,1105
6189,7945
6190,3322
6191,1050
6192,1888
6193,2630
6194,5346
6195,8300
6196,6941
6197,7651
6198,490
6199,4231
6200,3660
6201,343
6202,4651
6203,548
6204,8743
6205,7817
6206,6336
6207,2419
6208,94
6209,4543
6210,3830
6211,7816
6212,7336
6213,8930
6214,6383
6215,1626
6216,6759
6217,7642
6218,422
6219,7043
6220,7626
6221,7451
6222,4382
6223,932
6224,2571
6225,5180
6226,403
6227,6297
6228,8681
6229,3039
6230,4417
6231,2660
6232,8529
6233,6114
6234,6163
6235,7945
6236,7749
6237,6018
6238,2964
6239,1557
6240,3278
6241,38
6242,6690
6243,6828
6244,7070
6245,4655
6246,5696
6247,6190
6248,5326
6249,74
6250,8394
6251,1141
6252,4966
6253,1486
6254,2931
6255,5245
6256,6171
6257,2505
6258,9419
6259,4304
6260,6370
6261,226
6262,2605
6263,1293
6264,2739
6265,2522
6266,9604
6267,6164
6268,5657
6269,7045
6270,2797
6271,2625
6272,5797
6273,1502
6274,4039
6275,2355
6276,6130
6277,4220
6278,935
6279,9384
6280,6868
6281,7007
6282,632
6283,1847
6284,1978
6285,8918
6286,9072
6287,5337
6288,1442
6289,433
6290,6654
6291,980
6292,859
6293,9918
6294,7232
6295,6102
6296,4390
6297,8243
6298,9201
6299,9339
6300,3238
6301,3062
6302,4798
6303,4954
6304,8294
6305,7420
6306,2441
6307,8146
6308,361
6309,9388
6310,6167
6311,909
6312,7805
6313,8656
6314,9397
6315,8094
6316,5577
6317,7447
6318,2200
6319,6876
6320,758
6321,4665
6322,3393
6323,9531
6324,1721
6325,4057
6326,3935
6327,9427
6328,7086
6329,4320
6330,3694
6331,9231
6332,5312
6333,5707
6334,7389
6335,5685
6336,5781
6337,8883
6338,2413
6339,4205
6340,2807
6341,1509
6342,7126
6343,6383
6344,6893
6345,1022
6346,356
6347,8509
6348,1144
6349,2469
6350,6254
6351,218
6352,6233
6353,4213
6354,2087
6355,2247
6356,528
6357,3541
6358,189
6359,5064
6360,7935
6361,7765
6362,1519
6363,6663
6364,6621
6365,647
6366,7756
6367,212
6368,806
6369,2200
6370,8982
6371,5799
6372,9183
6373,6410
6374,3014
6375,2164
6376,6984
6377,9071
6378,8393
6379,2362
6380,4731
6381,7444
6382,6663
6383,4696
6384,9984
6385,455
6386,2436
6387,6668
6388,1267
6389,279
6390,6944
6391,7386
6392,2301
6393,4407
6394,6217
6395,885
6396,4878
6397,7390
6398,816
6399,7597
6400,7069
6401,7086
6402,1577
6403,405
6404,6934
6405,8862
6406,843
6407,6863
6408,930
6409,1815
6410,4424
6411,5591
6412,6069
6413,2999
6414,551
6415,2425
6416,2912
6417,8101
6418,5949
6419,5183
6420,8086
6421,7827
6422,2874
6423,7003
6424,4428
6425,8089
6426,5647
6427,8862
6428,7434
6429,3075
6430,1661
6431,866
6432,718
6433,5785
6434,1416
6435,9130
6436,5231
6437,9511
6438,4939
6439,2212
6440,6031
6441,9384
6442,7061
6443,9672
6444,1626
6445,3764
6446,4994
6447,6848
6448,315
6449,7043
6450,7028
6451,20
6452,1118
6453,9869
6454,1888
6455,2353
6456,2112
6457,1823
6458,8725
6459,2629
6460,7938
6461,8812
6462,3190
6463,6617
6464,8445
6465,5070
6466,9865
6467,1611
6468,3967
6469,9479
6470,8840
6471,1576
6472,8979
6473,137
6474,3397
6475,3810
6476,6703
6477,413
6478,8539
6479,8915
6480,1575
6481,6244
6482,6063
6483,6271
6484,5983
6485,9304
6486,4069
6487,5119
6488,1837
6489,5422
6490,431
6491,9135
6492,6621
6493,7291
6494,1569
6495,4101
6496,7854
6497,2816
6498,9007
6499,9852
6500,7338
6501,2035
6502,1687
6503,1453
6504,9346
6505,9611
6506,1115
6507,4297
6508,3800
6509,264
6510,1591
6511,1766
6512,4774
6513,3116
6514,6338
6515,1123
6516,5020
6517,3290
6518,3647
6519,8745
6520,8903
6521,6842
6522,7170
6523,48
6524,7741
6525,5653
6526,7936
6527,2795
6528,1797
6529,163
6530,5887
6531,9185
6532,7362
6533,991
6534,2284
6535,9689
6536,5329
6537,3300
6538,2428
6539,161
6540,8392
6541,2263
6542,3018
6543,7515
6544,6334
6545,6560
6546,5775
6547,9237
6548,1258
6549,1462
6550,4864
6551,9027
6552,6947
6553,9877
6554,9457
6555,1339
6556,9830
6557,3279
6558,1591
6559,2029
6560,1462
6561,9196
6562,3436
6563,2765
6564,4574
6565,9807
6566,2235
6567,8558
6568,8162
6569,3976
6570,3803
6571,9501
6572,6260
6573,5935
6574,9016
6575,9847
6576,2882
6577,9267
6578,2380
6579,2696
6580,5996
6581,9423
6582,8525
6583,6033
6584,9875
6585,9350
6586,7665
6587,8245
6588,6765
6589,4827
6590,8364
6591,1936
6592,2485
6593,7967
6594,6010
6595,8597
6596,656
6597,4727
6598,7704
6599,4434
6600,2314
6601,6473
6602,9404
6603,226
6604,3759
6605,6484
6606,1029
6607,7759
6608,5301
6609,986
6610,5452
6611,4273
6612,9942
6613,2587
6614,6442
6615,8920
6616,3196
6617,7230
6618,5092
6619,2
6620,2437
6621,7262
6622,5170
6623,1049
6624,630
6625,5631
6626,8909
6627,3740
6628,7308
6629,4027
6630,5654
6631,2456
6632,7998
6633,5150
6634,323
6635,9843
6636,1533
6637,3978
6638,6868
6639,3350
6640,5149
6641,8216
6642,8740
6643,676
6644,2558
6645,4332
6646,2907
6647,9370
6648,7635
6649,8835
6650,7744
6651,5493
6652,5443
6653,3068
6654,1516
6655,1435
6656,1566
6657,3984
6658,7098
6659,1047
6660,2343
6661,9535
6662,602
6663,3189
6664,2288
6665,6088
6666,228
6667,9525
6668,1860
6669,5861
6670,5354
6671,4415
6672,8653
6673,401
6674,8423
6675,2884
6676,3189
6677,7351
6678,8659
6679,6173
6680,8618
6681,8200
6682,6024
6683,4899
6684,2779
6685,5688
6686,1663
6687,1434
6688,79
6689,8294
6690,6835
6691,4026
6692,9429
6693,6023
6694,2072
6695,3339
6696,6085
6697,221
6698,6804
6699,8988
6700,6981
6701,4489
6702,3339
6703,16
6704,8489
6705,7018
6706,2089
6707,5399
6708,7586
6709,6480
6710,935
6711,9236
6712,4406
6713,9058
6714,7601
6715,8736
6716,3552
6717,6440
6718,3855
6719,6058
6720,7982
6721,758
6722,1231
6723,5993
6724,6953
6725,7462
6726,9987
6727,352
6728,6034
6729,2961
6730,550
6731,6716
6732,2711
6733,5289
6734,714
6735,157
6736,4084
6737,3990
6738,8894
6739,5406
6740,791
6741,5659
6742,5067
6743,1219
6744,9148
6745,1220
6746,3133
6747,9247
6748,2647
6749,2959
6750,8319
6751,1215
6752,8751
6753,5140
6754,3167
6755,7351
6756,5815
6757,2914
6758,7121
6759,9174
6760,9705
6761,279
6762,3839
6763,56
6764,7612
6765,1707
6766,509
6767,5608
6768,644
6769,9114
6770,8138
6771,8160
6772,6360
6773,972
6774,1347
6775,1183
6776,3630
6777,1747
6778,3170
6779,2709
6780,9811
6781,8048
6782,9636
6783,9246
6784,6263
6785,8627
6786,4857
6787,3640
6788,7284
6789,4813
6790,2052
6791,1139
6792,8320
6793,6579
6794,3809
6795,9589
6796,3800
6797,2657
6798,4390
6799,7255
6800,3052
6801,457
6802,3362
6803,5791
6804,6426
6805,519
6806,7907
6807,2330
6808,7442
6809,6114
6810,8852
6811,2454
6812,2344
6813,65
6814,6931
6815,8409
6816,6616
6817,9335
6818,7600
6819,6994
6820,6260
6821,5948
6822,5665
6823,6778
6824,3673
6825,3738
6826,6338
6827,7142
6828,4272
6829,8529
6830,3130
6831,8412
6832,2016
6833,7415
6834,8633
6835,5168
6836,7264
6837,1184
6838,1566
6839,5418
6840,5994
6841,5797
6842,8245
6843,5381
6844,5099
6845,4772
6846,5725
6847,1670
6848,5944
6849,8324
6850,744
6851,7543
6852,6362
6853,3300
6854,7339
6855,5343
6856,3546
6857,991
6858,7493
6859,3616
6860,9143
6861,9693
6862,4237
6863,1133
6864,3460
6865,3801
6866,5764
6867,4598
6868,1119
6869,6010
6870,9417
6871,7073
6872,8956
6873,7873
6874,5675
6875,7431
6876,304
6877,7662
6878,4921
6879,6856
6880,8601
6881,8207
6882,4630
6883,9180
6884,1243
6885,7991
6886,9016
6887,4615
6888,1317
6889,4102
6890,7951
6891,8439
6892,4642
6893,3690
6894,211
6895,6429
6896,972
6897,5474
6898,2774
6899,5926
6900,5291
6901,3883
6902,1768
6903,2021
6904,26
6905,1849
6906,5737
6907,8895
6908,7530
6909,7748
6910,4490
6911,2467
6912,5680
6913,2620
6914,3548
6915,3380
6916,6906
6917,9274
6918,8138
6919,1060
6920,4064
6921,9972
6922,5715
6923,4366
6924,9381
6925,1965
6926,2895
6927,4832
6928,9612
6929,1767
6930,707
6931,4660
6932,7607
6933,7925
6934,6895
6935,6569
6936,4346
6937,4866
6938,1124
6939,6931
6940,1726
6941,9240
6942,1939
6943,8379
6944,4162
6945,398
6946,9985
6947,1972
6948,2140
6949,977
6950,4006
6951,2988
6952,8381
6953,525
6954,3685
6955,9450
6956,3251
6957,3640
6958,5750
6959,8171
6960,200
6961,8747
6962,5087
6963,4419
6964,3623
6965,1742
6966,7153
6967,6946
6968,2783
6969,9663
6970,2558
6971,1428
6972,8431
6973,7279
6974,3145
6975,5973
6976,9905
6977,3449
6978,8054
6979,3376
6980,1588
6981,2111
6982,6528
6983,3106
6984,4002
6985,2035
6986,8233
6987,1519
6988,4544
6989,4255
6990,2220
6991,7088
6992,8484
6993,8034
6994,7742
6995,6840
6996,9264
6997,4376
6998,9475
6999,3362
7000,1964
7001,7140
7002,1597
7003,3625
7004,3666
7005,2493
7006,4656
7007,8563
7008,3987
7009,4738
7010,9857
7011,2379
7012,6119
7013,5226
7014,3916
7015,9609
7016,3122
7017,7388
7018,7092
7019,7121
7020,642
7021,600
7022,261
7023,4373
7024,5732
7025,3937
7026,5029
7027,6615
7028,5318
7029,1224
7030,3833
7031,814
7032,7671
7033,5462
7034,5413
7035,5364
7036,9115
7037,7845
7038,3067
7039,9371
7040,4763
7041,9964
7042,4805
7043,2442
7044,5961
7045,4453
7046,6301
7047,9384
7048,6704
7049,9180
7050,265
7051,7571
7052,7738
7053,8742
7054,5668
7055,4028
7056,7852
7057,4251
7058,9127
7059,227
7060,2652
7061,9202
7062,9479
7063,5611
7064,4787
7065,2808
7066,5512
7067,1914
7068,6445
7069,2429
7070,6000
7071,6272
7072,6796
7073,7467
7074,8214
7075,8833
7076,5468
7077,6835
7078,5720
7079,6080
7080,2850
7081,6694
7082,1884
7083,1225
7084,1566
7085,8973
7086,6030
7087,5211
7088,9584
7089,2085
7090,6681
7091,2529
7092,4007
7093,5978
7094,225
7095,4044
7096,9667
7097,1135
7098,204
7099,4623
7100,7868
7101,8488
7102,2721
7103,1254
7104,6588
7105,9252
7106,9224
7107,4291
7108,7959
7109,3226
7110,7425
7111,2070
7112,2139
7113,4670
7114,3329
7115,6505
7116,9730
7117,6784
7118,6311
7119,4613
7120,5332
7121,1346
7122,2269
7123,2421
7124,7322
7125,1700
7126,5610
7127,4085
7128,6493
7129,5470
7130,5460
7131,1590
7132,8669
7133,9033
7134,19
7135,1249
7136,3278
7137,4698
7138,6096
7139,9173
7140,7836
7141,3404
7142,6492
7143,3519
7144,1391
7145,6761
7146,1885
7147,2085
7148,6921
7149,8869
7150,7763
7151,2895
7152,4252
7153,2439
7154,1113
7155,6498
7156,1050
7157,196
7158,7463
7159,2874
7160,8612
7161,5162
7162,3301
7163,7364
7164,5843
7165,5046
7166,5145
7167,9205
7168,3317
7169,7154
7170,9073
7171,4938
7172,4415
7173,9006
7174,6957
7175,2158
7176,3458
7177,9962
7178,1475
7179,7841
7180,1752
7181,9742
7182,230
7183,2267
7184,7389
7185,3383
7186,5665
7187,9789
7188,7482
7189,7262
7190,5180
7191,879
7192,5756
7193,8773
7194,3041
7195,8764
7196,8707
7197,8673
7198,2937
7199,871
7200,6599
7201,2399
7202,6160
7203,9544
7204,1157
7205,4197
7206,4231
7207,7222
7208,5559
7209,9142
7210,5416
7211,1075
7212,2818
7213,9744
7214,6019
7215,7999
7216,8121
7217,8310
7218,2375
7219,6474
7220,6175
7221,181
7222,5325
7223,7257
7224,8953
7225,7286
7226,2766
7227,8787
7228,5745
7229,4255
7230,7301
7231,3833
7232,7495
7233,4454
7234,9039
7235,3345
7236,6850
7237,8867
7238,5455
7239,5166
7240,2580
7241,5248
7242,8414
7243,1725
7244,7324
7245,8127
7246,3519
7247,2141
7248,6549
7249,9753
7250,6817
7251,3100
7252,6332
7253,2575
7254,6429
7255,5531
7256,9551
7257,7422
7258,9200
7259,4061
7260,9648
7261,8996
7262,658
7263,4977
7264,4521
7265,9737
7266,3796
7267,6905
7268,185
7269,4861
7270,8793
7271,5879
7272,1740
7273,1852
7274,2475
7275,3811
7276,9753
7277,7648
7278,2382
7279,2939
7280,9893
7281,1827
7282,7218
7283,4360
7284,3750
7285,3182
7286,8114
7287,1416
7288,9458
7289,9507
7290,3209
7291,5662
7292,1429
7293,9572
7294,5732
7295,66
7296,2208
7297,3039
7298,5426
7299,8502
7300,3583
7301,6615
7302,6889
7303,4806
7304,8579
7305,5375
7306,162
7307,9386
7308,526
7309,9653
7310,4804
7311,1868
7312,9534
7313,8152
7314,3646
7315,8785
7316,9552
7317,1736
7318,6222
7319,4614
7320,8326
7321,6393
7322,63
7323,2665
7324,9891
7325,3923
7326,8127
7327,3632
7328,9842
7329,7241
7330,798
7331,9753
7332,2295
7333,356
7334,4674
7335,1696
7336,8781
7337,4460
7338,952
7339,5190
7340,6335
7341,2434
7342,8373
7343,5540
7344,3122
7345,7021
7346,1018
7347,7948
7348,2543
7349,2543
7350,1462
7351,7208
7352,5599
7353,6099
7354,8021
7355,6354
7356,5710
7357,3445
7358,5846
7359,175
7360,514
7361,398
7362,3515
7363,7433
7364,4517
7365,9354
7366,521
7367,3223
7368,7790
7369,3160
7370,3055
7371,3579
7372,591
7373,5613
7374,8660
7375,6056
7376,8055
7377,1301
7378,2345
7379,5453
7380,8759
7381,5032
7382,5005
7383,6979
7384,9377
7385,3637
7386,4511
7387,4335
7388,876
7389,4958
7390,3118
7391,5540
7392,8932
7393,207
7394,2765
7395,5160
7396,4079
7397,2444
7398,6338
7399,3329
7400,2618
7401,7734
7402,1981
7403,7100
7404,146
7405,3193
7406,9734
7407,3514
7408,7055
7409,5589
7410,2975
7411,4024
7412,2875
7413,6599
7414,1929
7415,9209
7416,2976
7417,8308
7418,4162
7419,8130
7420,846
7421,4961
7422,6699
7423,4193
7424,1308
7425,306
7426,3128
7427,2219
7428,7782
7429,6717
7430,3585
7431,129
7432,1317
7433,6314
7434,1862
7435,9102
7436,109
7437,2650
7438,1711
7439,6160
7440,656
7441,5392
7442,5201
7443,6032
7444,5871
7445,5120
7446,8220
7447,7872
7448,1952
7449,5715
7450,9953
7451,3392
7452,3963
7453,1652
7454,129
7455,6684
7456,6702
7457,2202
7458,129
7459,1318
7460,8033
7461,9843
7462,3770
7463,8651
7464,7476
7465,2313
7466,8924
7467,8933
7468,4244
7469,931
7470,1634
7471,5261
7472,6508
7473,2619
7474,3857
7475,3066
7476,8200
7477,2007
7478,6443
7479,2602
7480,4229
7481,2550
7482,1632
7483,5356
7484,6276
7485,7593
7486,3988
7487,9352
7488,7870
7489,6316
7490,7819
7491,3468
7492,1874
7493,192
7494,6752
7495,9331
7496,9673
7497,1510
7498,5973
7499,5060
7500,8746
7501,3658
7502,6933
7503,6805
7504,4393
7505,4041
7506,3925
7507,697
7508,3802
7509,3040
7510,6730
7511,1405
7512,3395
7513,6914
7514,9956
7515,8795
7516,928
7517,6502
7518,4231
7519,2457
7520,4256
7521,3131
7522,90
7523,2754
7524,3677
7525,3897
7526,5160
7527,9502
7528,7721
7529,6534
7530,9012
7531,8064
7532,4435
7533,3121
7534,3018
7535,1580
7536,6425
7537,5118
7538,2081
7539,8643
7540,440
7541,5278
7542,4668
7543,7388
7544,3342
7545,9643
7546,1967
7547,4977
7548,113
7549,5965
7550,175
7551,4083
7552,5560
7553,4396
7554,3202
7555,5515
7556,2231
7557,5122
7558,2278
7559,2527
7560,1160
7561,8668
7562,5694
7563,9916
7564,9620
7565,429
7566,7110
7567,3830
7568,6610
7569,6799
7570,7415
7571,5305
7572,8182
7573,8919
7574,8166
7575,9339
7576,2427
7577,3875
7578,2791
7579,8657
7580,9019
7581,7235
7582,3136
7583,8939
7584,7450
7585,2674
7586,3928
7587,5644
7588,3363
7589,7855
7590,3214
7591,873
7592,3594
7593,2460
7594,8741
7595,6654
7596,3009
7597,9970
7598,2685
7599,5591
7600,870
7601,9567
7602,5165
7603,2178
7604,9738
7605,7118
7606,3916
7607,5391
7608,1676
7609,7521
7610,5888
7611,2896
7612,4115
7613,9884
7614,3902
7615,1987
7616,3130
7617,2705
7618,6079
7619,5369
7620,1558
7621,3620
7622,8595
7623,354
7624,6580
7625,491
7626,7551
7627,1927
7628,1197
7629,5444
7630,2722
7631,4196
7632,6683
7633,339
7634,4198
7635,5328
7636,7989
7637,8054
7638,2834
7639,1594
7640,2518
7641,4774
7642,764
7643,1202
7644,4220
7645,8124
7646,3692
7647,5089
7648,3661
7649,174
7650,6299
7651,3910
7652,8868
7653,3413
7654,9786
7655,6541
7656,8536
7657,5404
7658,4640
7659,7598
7660,4189
7661,4439
7662,5467
7663,9920
7664,3876
7665,4030
7666,8455
7667,5928
7668,2557
7669,2132
7670,5100
7671,754
7672,3150
7673,6888
7674,5377
7675,3978
7676,9707
7677,231
7678,9231
7679,8600
7680,3061
7681,5116
7682,5537
7683,9734
7684,6464
7685,8390
7686,2983
7687,5183
7688,8491
7689,9396
7690,6874
7691,3317
7692,6436
7693,5519
7694,6282
7695,7743
7696,6916
7697,1492
7698,6611
7699,573
7700,6390
7701,5196
7702,525
7703,6042
7704,2534
7705,2122
7706,2466
7707,2989
7708,2596
7709,5857
7710,4955
7711,5852
7712,5815
7713,7200
7714,7076
7715,8109
7716,7134
7717,2763
7718,5774
7719,6426
7720,6738
7721,3670
7722,8595
7723,1393
7724,5095
7725,336
7726,7428
7727,7493
7728,3905
7729,5770
7730,2990
7731,4164
7732,8676
7733,3107
7734,411
7735,2422
7736,339
7737,8465
7738,7748
7739,4847
7740,2074
7741,8462
7742,7700
7743,833
7744,8343
7745,1997
7746,6600
7747,7537
7748,4067
7749,1111
7750,7043
7751,2227
7752,3151
7753,5350
7754,7758
7755,7941
7756,4617
7757,3534
7758,3932
7759,1622
7760,4222
7761,3907
7762,2236
7763,7297
7764,9545
7765,2459
7766,8248
7767,3546
7768,2746
7769,6480
7770,4874
7771,8867
7772,2674
7773,9970
7774,9213
7775,4283
7776,42
7777,4663
7778,4225
7779,5252
7780,5987
7781,2368
7782,281
7783,3103
7784,2296
7785,9897
7786,447
7787,8375
7788,2207
7789,508
7790,5624
7791,4198
7792,3823
7793,7892
7794,8753
7795,7032
7796,7452
7797,7129
7798,1096
7799,8346
7800,2301
7801,4924
7802,8600
7803,4766
7804,7055
7805,7968
7806,1276
7807,974
7808,6530
7809,6371
7810,3156
7811,3371
7812,4113
7813,1736
7814,8485
7815,6049
7816,9839
7817,1795
7818,1931
7819,936
7820,6909
7821,2960
7822,3370
7823,2938
7824,2840
7825,7504
7826,8146
7827,3932
7828,1983
7829,6368
7830,1569
7831,7691
7832,4594
7833,7432
7834,8242
7835,6612
7836,9557
7837,3245
7838,1347
7839,3775
7840,1524
7841,4500
7842,9364
7843,3161
7844,2641
7845,5892
7846,3275
7847,2877
7848,6698
7849,4390
7850,9733
7851,1055
7852,3205
7853,4060
7854,8775
7855,5157
7856,7181
7857,7835
7858,722
7859,2609
7860,7590
7861,7094
7862,6021
7863,4255
7864,4379
7865,6440
7866,6765
7867,2968
7868,8010
7869,7166
7870,2583
7871,657
7872,2805
7873,3823
7874,3429
7875,1843
7876,9289
7877,456
7878,1135
7879,6071
7880,27
7881,5304
7882,6897
7883,9150
7884,6366
7885,3301
7886,9971
7887,5002
7888,8785
7889,1418
7890,7814
7891,1245
7892,4518
7893,9358
7894,4169
7895,3532
7896,9470
7897,6417
7898,4619
7899,9647
7900,7247
7901,6677
7902,860
7903,6600
7904,3975
7905,2263
7906,4220
7907,2925
7908,298
7909,2633
7910,5637
7911,9524
7912,2632
7913,5581
7914,1860
7915,6426
7916,2426
7917,5424
7918,3441
7919,959
7920,8122
7921,3136
7922,3937
7923,4482
7924,6994
7925,4251
7926,4913
7927,3333
7928,5965
7929,8918
7930,1923
7931,8652
7932,6298
7933,3623
7934,2389
7935,1272
7936,9504
7937,4128
7938,1084
7939,7306
7940,6331
7941,9769
7942,3136
7943,7734
7944,8531
7945,1576
7946,1217
7947,3430
7948,3437
7949,4559
7950,4775
7951,2743
7952,9803
7953,8930
7954,8935
7955,1781
7956,6863
7957,2291
7958,3713
7959,8206
7960,4766
7961,9532
7962,3622
7963,677
7964,5519
7965,9928
7966,4823
7967,9717
7968,7314
7969,6031
7970,8009
7971,6031
7972,6589
7973,3085
7974,7285
7975,9891
7976,7762
7977,8829
7978,2620
7979,935
7980,1004
7981,6103
7982,3687
7983,6711
7984,1384
7985,8099
7986,5020
7987,6441
7988,2593
7989,584
7990,8748
7991,6811
7992,3076
7993,7718
7994,7594
7995,9196
7996,8210
7997,8028
7998,8006
7999,2467
8000,1955
8001,2039
8002,6167
8003,2864
8004,5463
8005,7320
8006,6888
8007,1597
8008,5447
8009,5969
8010,2585
8011,2769
8012,3323
8013,9084
8014,7846
8015,8897
8016,2581
8017,9527
8018,8516
8019,1843
8020,5611
8021,7775
8022,520
8023,7856
8024,2722
8025,296
8026,7362
8027,1765
8028,7717
8029,6231
8030,9030
8031,551
8032,5317
8033,9885
8034,9371
8035,2288
8036,4827
8037,1904
8038,4460
8039,6762
8040,5768
8041,8711
8042,5245
8043,1911
8044,3213
8045,5569
8046,4616
8047,6443
8048,6727
8049,7731
8050,1780
8051,3767
8052,7426
8053,2237
8054,231
8055,4530
8056,5230
8057,5943
8058,8818
8059,2917
8060,5375
8061,3789
8062,1659
8063,3444
8064,7934
8065,4388
8066,6152
8067,6388
8068,4269
8069,744
8070,5431
8071,2670
8072,7240
8073,3076
8074,6826
8075,4766
8076,2359
8077,5980
8078,784
8079,2184
8080,9936
8081,4714
8082,4415
8083,5464
8084,425
8085,7220
8086,7965
8087,3716
8088,7355
8089,2518
8090,2511
8091,1552
8092,3922
8093,8322
8094,872
8095,3805
8096,1472
8097,7472
8098,9218
8099,8784
8100,9682
8101,4483
8102,5211
8103,1691
8104,8427
8105,458
8106,9447
8107,714
8108,188
8109,368
8110,2915
8111,332
8112,2517
8113,6241
8114,9258
8115,8811
8116,1348
8117,1961
8118,592
8119,5594
8120,7020
8121,8106
8122,7915
8123,7226
8124,818
8125,121
8126,6242
8127,7864
8128,6273
8129,9046
8130,7886
8131,407
8132,7069
8133,5031
8134,6093
8135,3222
8136,7796
8137,976
8138,3205
8139,9710
8140,2609
8141,9376
8142,6501
8143,8971
8144,3498
8145,2843
8146,4007
8147,916
8148,201
8149,4208
8150,6626
8151,3560
8152,5127
8153,1238
8154,7997
8155,4454
8156,6100
8157,2456
8158,557
8159,825
8160,1156
8161,8122
8162,8959
8163,1390
8164,8371
8165,5254
8166,9313
8167,4276
8168,233
8169,6904
8170,2186
8171,4223
8172,9033
8173,6706
8174,1274
8175,937
8176,2931
8177,1852
8178,5740
8179,9510
8180,8185
8181,6124
8182,4601
8183,3458
8184,2351
8185,3887
8186,1158
8187,5097
8188,1195
8189,4289
8190,7277
8191,2386
8192,4492
8193,3854
8194,8569
8195,3721
8196,8856
8197,4597
8198,4106
8199,1112
8200,1341
8201,1686
8202,7001
8203,4753
8204,8313
8205,8296
8206,8966
8207,8682
8208,2724
8209,4857
8210,6605
8211,3798
8212,2027
8213,1491
8214,2854
8215,5964
8216,6408
8217,5527
8218,6188
8219,9702
8220,8508
8221,5225
8222,9461
8223,936
8224,3903
8225,5880
8226,704
8227,139
8228,991
8229,4328
8230,2878
8231,9525
8232,9476
8233,7150
8234,5702
8235,631
8236,2020
8237,5031
8238,8988
8239,1299
8240,4306
8241,1718
8242,8748
8243,8679
8244,960
8245,6280
8246,9184
8247,9226
8248,4182
8249,9973
8250,1890
8251,7746
8252,1019
8253,2053
8254,2251
8255,3392
8256,8288
8257,108
8258,2233
8259,4745
8260,8252
8261,3428
8262,2543
8263,1713
8264,8962
8265,3589
8266,2182
8267,5222
8268,415
8269,7572
8270,1153
8271,7287
8272,9407
8273,8245
8274,2191
8275,8079
8276,1871
8277,1598
8278,154
8279,881
8280,8909
8281,442
8282,1468
8283,4129
8284,75
8285,2103
8286,3985
8287,3581
8288,115
8289,3805
8290,9079
8291,5255
8292,4340
8293,3979
8294,98
8295,1664
8296,8459
8297,8047
8298,5644
8299,6402
8300,9277
8301,929
8302,9017
8303,7593
8304,4976
8305,4908
8306,169
8307,6112
8308,2634
8309,4347
8310,2023
8311,7748
8312,2353
8313,6588
8314,4430
8315,3751
8316,369
8317,4436
8318,7228
8319,3699
8320,5580
8321,607
8322,3486
8323,4136
8324,571
8325,6257
8326,7882
8327,2660
8328,5107
8329,6414
8330,2156
8331,6974
8332,9427
8333,1427
8334,3912
8335,4527
8336,3914
8337,9199
8338,1070
8339,1006
8340,8069
8341,8481
8342,524
8343,2071
8344,7318
8345,9759
8346,8653
8347,4919
8348,5808
8349,7024
8350,3967
8351,6886
8352,6910
8353,2119
8354,6898
8355,9761
8356,1380
8357,6156
8358,6029
8359,3315
8360,1806
8361,7385
8362,6330
8363,2127
8364,4404
8365,7742
8366,5954
8367,1757
8368,4399
8369,7265
8370,5011
8371,3342
8372,5045
8373,1413
8374,7533
8375,2734
8376,6096
8377,6566
8378,1724
8379,22
8380,5405
8381,5407
8382,2480
8383,2058
8384,527
8385,7672
8386,9464
8387,3605
8388,2596
8389,8655
8390,3533
8391,9359
8392,9584
8393,6433
8394,5083
8395,473
8396,1781
8397,2565
8398,2090
8399,181
8400,2468
8401,9206
8402,4427
8403,9620
8404,7485
8405,5355
8406,7661
8407,4909
8408,9379
8409,9749
8410,4336
8411,2327
8412,1819
8413,9108
8414,8369
8415,2564
8416,7602
8417,3382
8418,2451
8419,170
8420,6878
8421,1742
8422,7455
8423,4782
8424,6621
8425,9084
8426,6114
8427,5775
8428,1690
8429,2942
8430,6661
8431,7724
8432,9406
8433,4451
8434,6474
8435,6628
8436,6882
8437,6632
8438,5394
8439,9145
8440,3683
8441,3697
8442,9307
8443,863
8444,4382
8445,7765
8446,7271
8447,7094
8448,8459
8449,5718
8450,4456
8451,8481
8452,9223
8453,3676
8454,1687
8455,1555
8456,4121
8457,3262
8458,5635
8459,4022
8460,8982
8461,2988
8462,8871
8463,4871
8464,5215
8465,9979
8466,3093
8467,9249
8468,824
8469,6286
8470,126
8471,1588
8472,3828
8473,3741
8474,1715
8475,7906
8476,5852
8477,6773
8478,917
8479,1718
8480,6670
8481,2476
8482,8761
8483,785
8484,5042
8485,5294
8486,5608
8487,1410
8488,3560
8489,6329
8490,3
8491,1313
8492,8957
8493,7170
8494,7363
8495,7769
8496,5965
8497,1331
8498,174
8499,5424
8500,7154
8501,9601
8502,4710
8503,3780
8504,2170
8505,7277
8506,2891
8507,771
8508,807
8509,6295
8510,9201
8511,8631
8512,8063
8513,2042
8514,9084
8515,5644
8516,5604
8517,8361
8518,1496
8519,7967
8520,654
8521,4052
8522,245
8523,9670
8524,7668
8525,5846
8526,8191
8527,854
8528,8026
8529,9166
8530,1691
8531,84
8532,6964
8533,1383
8534,1774
8535,748
8536,3705
8537,7718
8538,4584
8539,6343
8540,7779
8541,8977
8542,1261
8543,8861
8544,114
8545,887
8546,7284
8547,4455
8548,640
8549,719
8550,745
8551,6447
8552,9759
8553,2224
8554,2253
8555,9190
8556,8495
8557,5130
8558,5165
8559,5970
8560,4556
8561,9552
8562,8336
8563,1651
8564,5924
8565,7443
8566,9897
8567,7728
8568,9813
8569,4044
8570,5101
8571,8962
8572,7621
8573,885
8574,7982
8575,3452
8576,6379
8577,276
8578,1350
8579,7909
8580,3723
8581,6677
8582,4512
8583,2789
8584,6064
8585,8595
8586,5279
8587,24
8588,9649
8589,4435
8590,5490
8591,2897
8592,1445
8593,8862
8594,6527
8595,9262
8596,5507
8597,1976
8598,396
8599,6260
8600,7875
8601,6705
8602,3982
8603,1863
8604,4656
8605,5752
8606,3384
8607,5896
8608,1311
8609,6631
8610,4405
8611,7756
8612,3864
8613,5951
8614,8448
8615,9412
8616,7139
8617,4753
8618,6224
8619,8670
8620,6191
8621,6453
8622,3314
8623,6376
8624,7403
8625,6043
8626,7598
8627,6348
8628,9607
8629,892
8630,3836
8631,4188
8632,3989
8633,76
8634,7583
8635,9403
8636,4073
8637,8798
8638,1199
8639,8454
8640,1872
8641,9347
8642,1285
8643,7437
8644,9068
8645,5137
8646,1039
8647,7682
8648,525
8649,8045
8650,5875
8651,8813
8652,3788
8653,1284
8654,192
8655,3593
8656,8913
8657,443
8658,2496
8659,3855
8660,8468
8661,7633
8662,9978
8663,4221
8664,752
8665,4894
8666,5893
8667,7298
8668,9396
8669,6683
8670,6694
8671,4312
8672,483
8673,8605
8674,5194
8675,863
8676,4219
8677,1391
8678,2383
8679,8898
8680,2562
8681,4667
8682,4332
8683,1897
8684,8877
8685,3828
8686,9138
8687,4650
8688,9322
8689,5123
8690,9626
8691,2652
8692,1645
8693,9421
8694,9229
8695,1801
8696,4488
8697,6317
8698,4979
8699,1759
8700,2548
8701,9619
8702,851
8703,8228
8704,9356
8705,9704
8706,2873
8707,3700
8708,920
8709,8509
8710,4693
8711,5513
8712,9479
8713,2655
8714,2288
8715,7637
8716,4213
8717,3561
8718,5450
8719,1470
8720,6588
8721,1255
8722,9967
8723,6534
8724,2759
8725,450
8726,7512
8727,726
8728,5650
8729,3852
8730,4189
8731,8663
8732,3997
8733,3258
8734,6264
8735,8285
8736,6031
8737,7385
8738,6196
8739,8209
8740,9911
8741,9118
8742,3365
8743,5465
8744,3502
8745,1455
8746,546
8747,9814
8748,5289
8749,2983
8750,189
8751,8057
8752,2186
8753,8826
8754,7091
8755,3330
8756,4213
8757,1989
8758,4526
8759,1591
8760,560
8761,1360
8762,8039
8763,5950
8764,1844
8765,7460
8766,8105
8767,1799
8768,433
8769,5859
8770,9586
8771,3305
8772,6253
8773,2664
8774,3282
8775,5927
8776,7453
8777,4220
8778,3382
8779,3759
8780,4028
8781,9394
8782,8798
8783,2719
8784,6104
8785,7616
8786,9050
8787,7684
8788,60
8789,250
8790,8020
8791,5280
8792,5384
8793,7180
8794,7446
8795,7943
8796,989
8797,6468
8798,3980
8799,3159
8800,8532
8801,5050
8802,8308
8803,7345
8804,9918
8805,6798
8806,6642
8807,8152
8808,1782
8809,3868
8810,5808
8811,4533
8812,3347
8813,2637
8814,6707
8815,6229
8816,298
8817,7181
8818,1512
8819,3695
8820,7072
8821,341
8822,9805
8823,2118
8824,2380
8825,7029
8826,3885
8827,6679
8828,5835
8829,6912
8830,9907
8831,7567
8832,9293
8833,8083
8834,5424
8835,1549
8836,7261
8837,227
8838,4247
8839,2799
8840,910
8841,8338
8842,7381
8843,572
8844,1697
8845,3342
8846,9262
8847,2893
8848,8099
8849,630
8850,7362
8851,5593
8852,2067
8853,6106
8854,1311
8855,4987
8856,7442
8857,2430
8858,7360
8859,8546
8860,7538
8861,9098
8862,2371
8863,2261
8864,9297
8865,9569
8866,8681
8867,7904
8868,1551
8869,2364
8870,9142
8871,6368
8872,1066
8873,4067
8874,1544
8875,5191
8876,1179
8877,6311
8878,5940
8879,4733
8880,8569
8881,9423
8882,2011
8883,5555
8884,7452
8885,6045
8886,876
8887,4597
8888,6268
8889,8395
8890,948
8891,5355
8892,3976
8893,8839
8894,2848
8895,9980
8896,4978
8897,1369
8898,3219
8899,2304
8900,1671
8901,6317
8902,1955
8903,4335
8904,7548
8905,1378
8906,5421
8907,6267
8908,229
8909,5358
8910,1593
8911,1400
8912,1263
8913,2779
8914,2472
8915,7684
8916,1245
8917,7009
8918,2473
8919,2358
8920,2768
8921,1105
8922,9148
8923,1671
8924,5070
8925,4332
8926,286
8927,9911
8928,5381
8929,1982
8930,3539
8931,398
8932,5290
8933,4218
8934,4929
8935,6465
8936,6074
8937,7267
8938,3128
8939,3900
8940,8929
8941,6805
8942,1024
8943,4962
8944,1481
8945,1630
8946,380
8947,9246
8948,730
8949,7500
8950,6986
8951,6228
8952,688
8953,1187
8954,4700
8955,9146
8956,9083
8957,4507
8958,2416
8959,6300
8960,4415
8961,9764
8962,1963
8963,6801
8964,2091
8965,4952
8966,7669
8967,8696
8968,967
8969,5515
8970,1422
8971,2478
8972,790
8973,9025
8974,1551
8975,1375
8976,1339
8977,9196
8978,1483
8979,2533
8980,7896
8981,2512
8982,4099
8983,5106
8984,3698
8985,4294
8986,3672
8987,887
8988,7904
8989,3385
8990,9484
8991,9119
8992,786
8993,3424
8994,146
8995,9707
8996,3231
8997,9624
8998,1572
8999,2746
9000,7302
9001,5950
9002,6162
9003,2612
9004,4310
9005,2534
9006,2536
9007,2227
9008,9433
9009,4218
9010,9897
9011,8463
9012,1195
9013,1507
9014,5799
9015,789
9016,7880
9017,925
9018,8069
9019,1891
9020,2372
9021,5898
9022,3284
9023,2402
9024,7444
9025,8102
9026,1529
9027,8048
9028,857
9029,4849
9030,1375
9031,8633
9032,4493
9033,6574
9034,2873
9035,1122
9036,4662
9037,3288
9038,5616
9039,5058
9040,1047
9041,4332
9042,5306
9043,94
9044,2742
9045,1575
9046,2252
9047,7535
9048,9976
9049,844
9050,4134
9051,7617
9052,2936
9053,4178
9054,5788
9055,7355
9056,3287
9057,2376
9058,7798
9059,7590
9060,2094
9061,2134
9062,9181
9063,331
9064,9359
9065,1202
9066,6357
9067,2654
9068,6233
9069,1131
9070,5546
9071,2065
9072,3177
9073,7765
9074,3987
9075,9526
9076,5485
9077,7505
9078,7524
9079,2837
9080,7093
9081,3912
9082,8047
9083,1462
9084,4003
9085,9909
9086,7674
9087,412
9088,1681
9089,5452
9090,4524
9091,9679
9092,7553
9093,1307
9094,864
9095,8932
9096,5919
9097,9947
9098,2524
9099,4874
9100,2323
9101,9682
9102,796
9103,3731
9104,6451
9105,9513
9106,2775
9107,5661
9108,5814
9109,7733
9110,2276
9111,7564
9112,4867
9113,2932
9114,965
9115,7542
9116,5511
9117,4438
9118,1968
9119,5131
9120,2053
9121,6214
9122,3375
9123,8815
9124,6199
9125,2755
9126,6846
9127,5286
9128,4803
9129,6991
9130,5745
9131,9770
9132,5833
9133,1251
9134,296
9135,4620
9136,1993
9137,6909
9138,9563
9139,2629
9140,1538
9141,4615
9142,7119
9143,6487
9144,741
9145,9141
9146,3339
9147,7909
9148,5352
9149,5899
9150,9236
9151,9979
9152,1126
9153,7737
9154,1891
9155,3004
9156,4740
9157,1940
9158,793
9159,166
9160,318
9161,2145
9162,4649
9163,5828
9164,4399
9165,2369
9166,7107
9167,3024
9168,4112
9169,7780
9170,6737
9171,3682
9172,3559
9173,5179
9174,3882
9175,4538
9176,3937
9177,1598
9178,6693
9179,2374
9180,6331
9181,3958
9182,5304
9183,9952
9184,5354
9185,8393
9186,8749
9187,6440
9188,6891
9189,960
9190,2549
9191,6601
9192,9716
9193,630
9194,8983
9195,5482
9196,8280
9197,7055
9198,3777
9199,3715
9200,2650
9201,7058
9202,5743
9203,6570
9204,2905
9205,9589
9206,3898
9207,9673
9208,1354
9209,3812
9210,1975
9211,1694
9212,6788
9213,7117
9214,3232
9215,447
9216,2036
9217,2059
9218,8480
9219,9575
9220,1888
9221,5916
9222,7240
9223,7026
9224,3896
9225,6657
9226,1263
9227,5088
9228,5401
9229,8002
9230,7318
9231,7386
9232,1036
9233,7868
9234,3641
9235,5311
9236,3211
9237,7641
9238,6081
9239,7128
9240,8404
9241,6841
9242,2662
9243,9024
9244,8342
9245,3170
9246,3234
9247,7658
9248,9063
9249,5602
9250,9921
9251,3406
9252,40
9253,4972
9254,3188
9255,9908
9256,2064
9257,6983
9258,3141
9259,1244
9260,8325
9261,895
9262,2229
9263,6711
9264,3050
9265,117
9266,4433
9267,2645
9268,9522
9269,2842
9270,5555
9271,156
9272,3075
9273,708
9274,9845
9275,4609
9276,8245
9277,2906
9278,9536
9279,4887
9280,3225
9281,8434
9282,4930
9283,65
9284,2935
9285,2340
9286,9534
9287,245
9288,527
9289,7323
9290,2910
9291,1376
9292,9201
9293,3944
9294,5843
9295,2752
9296,953
9297,7218
9298,7805
9299,3217
9300,7122
9301,2638
9302,8550
9303,7560
9304,3035
9305,3094
9306,2072
9307,1445
9308,6278
9309,7226
9310,2623
9311,7257
9312,3485
9313,2048
9314,4489
9315,8708
9316,9056
9317,8248
9318,9146
9319,2233
9320,41
9321,4401
9322,6781
9323,7040
9324,7585
9325,7858
9326,7252
9327,7160
9328,3019
9329,5718
9330,4512
9331,6743
9332,4797
9333,8231
9334,8652
9335,9727
9336,5968
9337,4597
9338,948
9339,1600
9340,3293
9341,9124
9342,7347
9343,9508
9344,2007
9345,543
9346,6009
9347,5818
9348,1095
9349,5900
9350,2044
9351,402
9352,4594
9353,4254
9354,4950
9355,6082
9356,5415
9357,5489
9358,3020
9359,8243
9360,677
9361,5894
9362,9182
9363,1787
9364,842
9365,7595
9366,282
9367,9447
9368,374
9369,2085
9370,4875
9371,2437
9372,9021
9373,3692
9374,3712
9375,3148
9376,8267
9377,1268
9378,5319
9379,808
9380,2449
9381,6996
9382,6951
9383,3878
9384,2254
9385,1701
9386,7917
9387,4664
9388,1914
9389,5689
9390,3774
9391,1077
9392,7884
9393,2421
9394,588
9395,464
9396,9963
9397,9148
9398,1764
9399,8515
9400,9345
9401,5081
9402,9635
9403,1737
9404,3291
9405,2168
9406,2713
9407,8565
9408,4557
9409,3746
9410,4326
9411,5090
9412,3650
9413,3428
9414,529
9415,2615
9416,3937
9417,2555
9418,5575
9419,8294
9420,8588
9421,6718
9422,2176
9423,2418
9424,9970
9425,6951
9426,4861
9427,1051
9428,3748
9429,8623
9430,1838
9431,200
9432,4117
9433,1077
9434,5344
9435,959
9436,1914
9437,219
9438,2963
9439,3667
9440,8224
9441,2238
9442,1594
9443,5627
9444,2317
9445,2127
9446,5676
9447,1355
9448,6943
9449,8627
9450,6679
9451,4481
9452,9569
9453,1155
9454,1636
9455,479
9456,6620
9457,4417
9458,773
9459,5984
9460,6634
9461,9176
9462,491
9463,9128
9464,2358
9465,8462
9466,7284
9467,4572
9468,2463
9469,5817
9470,6018
9471,1131
9472,2602
9473,363
9474,8599
9475,6424
9476,471
9477,1371
9478,9404
9479,5685
9480,4524
9481,9249
9482,2033
9483,3437
9484,7342
9485,9550
9486,2079
9487,8686
9488,9727
9489,1238
9490,4185
9491,9650
9492,3537
9493,3051
9494,2160
9495,5273
9496,9752
9497,2023
9498,9733
9499,3060
9500,3645
9501,7701
9502,1546
9503,5952
9504,7374
9505,173
9506,8898
9507,1788
9508,7251
9509,8602
9510,9655
9511,1097
9512,6700
9513,58
9514,4282
9515,2302
9516,407
9517,9089
9518,788
9519,8773
9520,6317
9521,9962
9522,6443
9523,9814
9524,3932
9525,6364
9526,9729
9527,8189
9528,3743
9529,1476
9530,3527
9531,4698
9532,9289
9533,3429
9534,382
9535,3237
9536,5744
9537,5049
9538,4734
9539,4828
9540,630
9541,3234
9542,4511
9543,7803
9544,628
9545,9233
9546,597
9547,119
9548,2559
9549,8306
9550,3129
9551,2439
9552,7308
9553,4050
9554,3841
9555,8703
9556,7727
9557,3679
9558,9010
9559,6042
9560,9631
9561,9866
9562,5676
9563,3715
9564,5798
9565,7067
9566,4596
9567,8192
9568,7525
9569,6354
9570,8447
9571,6780
9572,9124
9573,9205
9574,8473
9575,9616
9576,7750
9577,1947
9578,1974
9579,4445
9580,458
9581,5987
9582,2000
9583,4232
9584,4847
9585,3554
9586,7247
9587,1378
9588,4623
9589,8407
9590,2262
9591,7843
9592,588
9593,4989
9594,1098
9595,1811
9596,6105
9597,8364
9598,974
9599,1877
9600,5375
9601,956
9602,7673
9603,5216
9604,6271
9605,8872
9606,3017
9607,3867
9608,2263
9609,379
9610,5425
9611,7892
9612,5646
9613,2345
9614,1630
9615,4636
9616,1961
9617,4588
9618,215
9619,7539
9620,2688
9621,3946
9622,1251
9623,348
9624,7323
9625,5279
9626,3428
9627,6877
9628,2501
9629,3325
9630,3281
9631,9030
9632,483
9633,4396
9634,1697
9635,6731
9636,5934
9637,8415
9638,6915
9639,3631
9640,8251
9641,1941
9642,8187
9643,6303
9644,4716
9645,7225
9646,2935
9647,1800
9648,9856
9649,9831
9650,4447
9651,2246
9652,421
9653,6042
9654,7451
9655,874
9656,6254
9657,9543
9658,4430
9659,5206
9660,9615
9661,2608
9662,1584
9663,3561
9664,7877
9665,1398
9666,4298
9667,2162
9668,3875
9669,1054
9670,2602
9671,178
9672,6247
9673,4958
9674,3063
9675,4979
9676,3130
9677,565
9678,8622
9679,7118
9680,214
9681,7140
9682,5482
9683,8446
9684,2499
9685,2253
9686,3811
9687,8543
9688,5450
9689,5734
9690,7085
9691,9954
9692,8155
9693,6874
9694,5889
9695,9744
9696,233
9697,956
9698,5048
9699,8040
9700,9474
9701,5305
9702,9604
9703,5703
9704,5757
9705,8905
9706,1193
9707,179
9708,6236
9709,3426
9710,1624
9711,9332
9712,7857
9713,6633
9714,2349
9715,7344
9716,4541
9717,9109
9718,7998
9719,385
9720,963
9721,4530
9722,1732
9723,6612
9724,5020
9725,4415
9726,9414
9727,6497
9728,4963
9729,661
9730,4400
9731,6114
9732,9952
9733,9284
9734,9539
9735,3715
9736,5458
9737,2923
9738,2310
9739,564
9740,4869
9741,8691
9742,8810
9743,1661
9744,1236
9745,5882
9746,3547
9747,1519
9748,6968
9749,8951
9750,2738
9751,5043
9752,6334
9753,62
9754,5895
9755,1217
9756,1606
9757,6674
9758,2660
9759,1007
9760,1559
9761,9234
9762,6277
9763,6276
9764,129
9765,7346
9766,3596
9767,7000
9768,5579
9769,1719
9770,8896
9771,2970
9772,5338
9773,9502
9774,7077
9775,4749
9776,7747
9777,4377
9778,9816
9779,608
9780,7879
9781,6359
9782,2225
9783,7689
9784,5197
9785,7327
9786,8106
9787,6509
9788,1998
9789,6057
9790,9823
9791,6382
9792,458
9793,1961
9794,811
9795,7682
9796,360
9797,4537
9798,6050
9799,6763
9800,9018
9801,1506
9802,4062
9803,2585
9804,7759
9805,1958
9806,9328
9807,7112
9808,8641
9809,8013
9810,6072
9811,4887
9812,5967
9813,7897
9814,3744
9815,1607
9816,5302
9817,5816
9818,9058
9819,9755
9820,296
9821,4327
9822,1402
9823,5010
9824,3102
9825,6094
9826,9175
9827,7743
9828,1641
9829,7019
9830,8490
9831,2993
9832,1828
9833,7918
9834,609
9835,1236
9836,3238
9837,8254
9838,7278
9839,2339
9840,7124
9841,8231
9842,4463
9843,8023
9844,8803
9845,8753
9846,3603
9847,9217
9848,219
9849,8878
9850,9458
9851,6896
9852,9719
9853,6943
9854,1995
9855,1344
9856,7048
9857,3731
9858,2203
9859,2015
9860,5241
9861,1262
9862,6569
9863,3421
9864,6078
9865,6674
9866,303
9867,895
9868,9414
9869,1388
9870,7794
9871,5680
9872,383
9873,9437
9874,6722
9875,5845
9876,216
9877,6211
9878,2733
9879,5179
9880,4098
9881,4836
9882,5215
9883,8224
9884,719
9885,2583
9886,6852
9887,4986
9888,1453
9889,1039
9890,989
9891,7496
9892,3276
9893,2852
9894,1793
9895,5347
9896,6666
9897,671
9898,6907
9899,5296
9900,5777
9901,3938
9902,8913
9903,2677
9904,2230
9905,3779
9906,9524
9907,8741
9908,6690
9909,6499
9910,8499
9911,2586
9912,1533
9913,4654
9914,1083
9915,4974
9916,998
9917,7649
9918,6458
9919,3206
9920,6655
9921,3987
9922,2337
9923,4924
9924,1925
9925,4882
9926,3270
9927,7943
9928,3230
9929,8203
9930,7657
9931,8649
9932,2763
9933,6534
9934,2895
9935,9189
9936,7789
9937,539
9938,778
9939,7499
9940,3796
9941,9413
9942,9818
9943,4881
9944,7778
9945,4193
9946,2716
9947,3807
9948,5341
9949,434
9950,4464
9951,2807
9952,2388
9953,3269
9954,4297
9955,32
9956,3705
9957,1500
9958,8958
9959,6606
9960,5052
9961,9242
9962,6749
9963,6943
9964,6169
9965,5930
9966,6255
9967,1572
9968,8792
9969,1964
9970,5399
9971,5354
9972,5298
9973,652
9974,6595
9975,3572
9976,7587
9977,3824
9978,9749
9979,5847
9980,1019
9981,4047
9982,2572
9983,2369
9984,9950
9985,9257
9986,4683
9987,2727
9988,2507
9989,1030
9990,5099
9991,5770
9992,8362
9993,5663
9994,5372
9995,1877
9996,5199
9997,4531
9998,5079
9999,1782
