0,68
1,459
2,138
3,686
4,813
5,266
6,184
7,769
8,186
9,345
10,765
11,408
12,67
13,884
14,655
15,762
16,658
17,778
18,191
19,832
20,598
21,297
22,152
23,739
24,534
25,332
26,463
27,812
28,181
29,60
30,78
31,459
32,184
33,804
34,530
35,39
36,699
37,273
38,364
39,402
40,229
41,234
42,891
43,707
44,178
45,269
46,204
47,262
48,39
49,343
50,748
51,268
52,277
53,379
54,683
55,643
56,143
57,783
58,898
59,543
60,18
61,418
62,678
63,665
64,579
65,662
66,297
67,14
68,144
69,818
70,730
71,132
72,717
73,28
74,136
75,824
76,721
77,506
78,573
79,167
80,421
81,814
82,861
83,152
84,36
85,280
86,186
87,735
88,286
89,440
90,262
91,84
92,685
93,422
94,280
95,686
96,404
97,683
98,429
99,740
100,399
101,469
102,783
103,138
104,323
105,794
106,8
107,50
108,236
109,822
110,236
111,497
112,187
113,207
114,189
115,756
116,717
117,390
118,129
119,569
120,758
121,781
122,511
123,523
124,33
125,79
126,559
127,399
128,400
129,545
130,674
131,579
132,750
133,223
134,433
135,277
136,514
137,238
138,383
139,170
140,416
141,741
142,795
143,793
144,98
145,846
146,513
147,176
148,855
149,633
150,248
151,274
152,327
153,620
154,401
155,602
156,728
157,438
158,107
159,151
160,107
161,650
162,530
163,485
164,312
165,567
166,446
167,89
168,367
169,450
170,109
171,561
172,867
173,564
174,117
175,103
176,505
177,527
178,13
179,864
180,234
181,672
182,172
183,897
184,558
185,135
186,543
187,62
188,385
189,30
190,860
191,396
192,468
193,507
194,187
195,241
196,709
197,26
198,282
199,741
200,437
201,76
202,665
203,220
204,762
205,378
206,803
207,95
208,781
209,401
210,801
211,545
212,546
213,683
214,756
215,672
216,235
217,304
218,291
219,408
220,143
221,132
222,359
223,796
224,0
225,120
226,478
227,695
228,565
229,731
230,639
231,610
232,513
233,58
234,480
235,305
236,853
237,676
238,88
239,32
240,637
241,598
242,724
243,373
244,415
245,211
246,84
247,44
248,109
249,4
250,475
251,827
252,580
253,710
254,759
255,411
256,122
257,805
258,75
259,359
260,512
261,538
262,655
263,48
264,750
265,517
266,506
267,770
268,189
269,393
270,728
271,863
272,214
273,272
274,276
275,874
276,613
277,827
278,777
279,656
280,204
281,431
282,728
283,851
284,423
285,899
286,388
287,215
288,350
289,870
290,582
291,229
292,430
293,324
294,57
295,790
296,202
297,97
298,87
299,510
300,828
301,414
302,675
303,740
304,363
305,593
306,71
307,355
308,508
309,783
310,833
311,274
312,522
313,665
314,269
315,296
316,832
317,849
318,254
319,1
320,629
321,619
322,90
323,222
324,851
325,472
326,422
327,845
328,561
329,738
330,263
331,654
332,595
333,794
334,186
335,186
336,489
337,403
338,781
339,676
340,740
341,772
342,719
343,55
344,476
345,826
346,8
347,802
348,91
349,168
350,298
351,508
352,151
353,679
354,668
355,749
356,575
357,686
358,172
359,377
360,596
361,831
362,289
363,416
364,271
365,541
366,112
367,14
368,496
369,531
370,892
371,370
372,245
373,725
374,540
375,130
376,320
377,713
378,163
379,361
380,424
381,24
382,487
383,26
384,771
385,292
386,764
387,581
388,182
389,799
390,105
391,317
392,70
393,690
394,158
395,281
396,738
397,532
398,317
399,371
400,395
401,153
402,610
403,235
404,787
405,263
406,610
407,632
408,502
409,536
410,415
411,730
412,567
413,186
414,122
415,448
416,718
417,621
418,850
419,532
420,128
421,611
422,493
423,222
424,344
425,258
426,834
427,434
428,18
429,570
430,753
431,691
432,802
433,677
434,697
435,425
436,698
437,445
438,460
439,9
440,669
441,238
442,456
443,40
444,152
445,405
446,665
447,834
448,787
449,393
450,74
451,306
452,549
453,413
454,610
455,504
456,330
457,878
458,328
459,334
460,193
461,327
462,393
463,387
464,558
465,315
466,143
467,154
468,834
469,864
470,130
471,508
472,438
473,342
474,677
475,839
476,319
477,198
478,694
479,563
480,139
481,493
482,699
483,265
484,305
485,493
486,854
487,618
488,395
489,416
490,562
491,693
492,325
493,556
494,568
495,478
496,687
497,35
498,832
499,760
500,223
501,531
502,864
503,794
504,377
505,758
506,563
507,683
508,268
509,684
510,240
511,276
512,81
513,86
514,318
515,390
516,16
517,96
518,616
519,469
520,464
521,218
522,438
523,123
524,884
525,149
526,75
527,270
528,772
529,96
530,358
531,114
532,745
533,286
534,291
535,75
536,892
537,508
538,870
539,112
540,355
541,844
542,556
543,72
544,690
545,410
546,383
547,878
548,203
549,137
550,13
551,520
552,872
553,33
554,121
555,760
556,840
557,80
558,32
559,424
560,877
561,664
562,35
563,268
564,137
565,70
566,890
567,266
568,542
569,461
570,446
571,14
572,332
573,401
574,172
575,728
576,694
577,542
578,122
579,344
580,664
581,28
582,71
583,312
584,655
585,893
586,787
587,565
588,620
589,764
590,353
591,775
592,592
593,565
594,4
595,227
596,845
597,518
598,553
599,76
600,289
601,529
602,803
603,486
604,547
605,135
606,850
607,596
608,316
609,722
610,422
611,16
612,104
613,526
614,56
615,65
616,15
617,415
618,395
619,308
620,511
621,414
622,81
623,29
624,342
625,561
626,477
627,457
628,442
629,790
630,397
631,313
632,833
633,228
634,828
635,674
636,436
637,187
638,234
639,332
640,340
641,554
642,41
643,822
644,803
645,322
646,816
647,11
648,745
649,288
650,811
651,267
652,183
653,796
654,625
655,215
656,358
657,414
658,350
659,632
660,52
661,515
662,341
663,212
664,595
665,858
666,791
667,16
668,44
669,668
670,798
671,867
672,207
673,481
674,497
675,842
676,190
677,461
678,869
679,113
680,844
681,739
682,141
683,525
684,579
685,66
686,51
687,736
688,45
689,837
690,786
691,55
692,376
693,509
694,501
695,6
696,215
697,87
698,446
699,767
700,841
701,527
702,540
703,485
704,601
705,525
706,126
707,124
708,543
709,750
710,805
711,840
712,41
713,715
714,666
715,570
716,98
717,502
718,161
719,142
720,158
721,467
722,506
723,526
724,636
725,359
726,666
727,343
728,612
729,11
730,517
731,19
732,524
733,571
734,579
735,64
736,673
737,389
738,578
739,85
740,564
741,501
742,571
743,843
744,259
745,396
746,393
747,494
748,146
749,487
750,295
751,414
752,234
753,878
754,130
755,729
756,218
757,445
758,354
759,2
760,846
761,209
762,654
763,649
764,713
765,676
766,284
767,6
768,331
769,844
770,715
771,320
772,519
773,111
774,144
775,711
776,840
777,125
778,896
779,257
780,410
781,358
782,263
783,443
784,372
785,75
786,62
787,672
788,524
789,771
790,79
791,312
792,115
793,835
794,391
795,671
796,737
797,291
798,674
799,100
800,88
801,775
802,215
803,332
804,801
805,875
806,410
807,668
808,888
809,796
810,781
811,884
812,862
813,33
814,387
815,334
816,382
817,109
818,350
819,783
820,148
821,686
822,593
823,229
824,80
825,699
826,193
827,735
828,42
829,339
830,537
831,605
832,884
833,259
834,520
835,511
836,459
837,730
838,647
839,54
840,612
841,411
842,45
843,434
844,154
845,396
846,598
847,519
848,368
849,302
850,437
851,623
852,228
853,346
854,270
855,780
856,231
857,739
858,568
859,575
860,73
861,529
862,773
863,378
864,830
865,582
866,86
867,733
868,299
869,499
870,18
871,652
872,611
873,880
874,704
875,854
876,110
877,97
878,837
879,561
880,391
881,265
882,616
883,351
884,42
885,37
886,800
887,210
888,444
889,365
890,376
891,561
892,755
893,120
894,810
895,623
896,47
897,73
898,539
899,636
